Position, Messreihe #1
Zeit ( s )	Position ( m )
6,1450E-4	0,211
0,0256	0,211
0,0506	0,211
0,0756	0,211
0,1006	0,211
0,1256	0,211
0,1506	0,211
0,1756	0,211
0,2006	0,211
0,2256	0,211
0,2506	0,211
0,2756	0,211
0,3006	0,211
0,3256	0,211
0,3506	0,211
0,3756	0,211
0,4006	0,211
0,4256	0,211
0,4506	0,211
0,4756	0,211
0,5006	0,211
0,5256	0,211
0,5506	0,211
0,5756	0,211
0,6006	0,211
0,6256	0,211
0,6506	0,211
0,6756	0,211
0,7006	0,211
0,7256	0,211
0,7506	0,211
0,7756	0,211
0,8006	0,211
0,8256	0,211
0,8506	0,211
0,8756	0,211
0,9006	0,211
0,9256	0,211
0,9506	0,211
0,9756	0,211
1,0006	0,211
1,0256	0,211
1,0506	0,211
1,0756	0,202
1,1006	0,214
1,1256	0,216
1,1506	0,218
1,1756	0,221
1,2007	0,224
1,2257	0,228
1,2507	0,232
1,2757	0,237
1,3007	0,241
1,3257	0,247
1,3507	0,252
1,3758	0,258
1,4008	0,264
1,4258	0,271
1,4508	0,277
1,4758	0,284
1,5008	0,291
1,5259	0,298
1,5509	0,305
1,5759	0,312
1,6009	0,319
1,6259	0,326
1,6510	0,333
1,6760	0,340
1,7010	0,346
1,7260	0,355
1,7510	0,361
1,7761	0,367
1,8011	0,373
1,8261	0,378
1,8511	0,383
1,8761	0,388
1,9011	0,392
1,9261	0,396
1,9512	0,399
1,9762	0,402
2,0012	0,404
2,0262	0,406
2,0512	0,407
2,0762	0,408
2,1012	0,409
2,1262	0,409
2,1512	0,408
2,1762	0,407
2,2012	0,406
2,2262	0,404
2,2512	0,402
2,2762	0,399
2,3011	0,396
2,3261	0,392
2,3511	0,388
2,3761	0,383
2,4011	0,378
2,4261	0,373
2,4511	0,367
2,4760	0,361
2,5010	0,355
2,5260	0,348
2,5510	0,340
2,5760	0,333
2,6009	0,326
2,6259	0,319
2,6509	0,312
2,6759	0,305
2,7009	0,298
2,7258	0,291
2,7508	0,284
2,7758	0,278
2,8008	0,271
2,8258	0,265
2,8508	0,259
2,8757	0,253
2,9007	0,248
2,9257	0,243
2,9507	0,238
2,9757	0,233
3,0007	0,229
3,0257	0,225
3,0506	0,222
3,0756	0,219
3,1006	0,217
3,1256	0,215
3,1506	0,214
3,1756	0,213
3,2006	0,212
3,2256	0,213
3,2506	0,213
3,2756	0,214
3,3006	0,216
3,3256	0,218
3,3506	0,221
3,3757	0,224
3,4007	0,227
3,4257	0,231
3,4507	0,235
3,4757	0,240
3,5007	0,245
3,5257	0,250
3,5507	0,256
3,5758	0,262
3,6008	0,268
3,6258	0,275
3,6508	0,281
3,6758	0,288
3,7009	0,295
3,7259	0,302
3,7509	0,309
3,7759	0,315
3,8009	0,322
3,8260	0,329
3,8510	0,336
3,8760	0,343
3,9010	0,351
3,9260	0,357
3,9511	0,363
3,9761	0,369
4,0011	0,375
4,0261	0,380
4,0511	0,385
4,0761	0,389
4,1011	0,393
4,1262	0,396
4,1512	0,399
4,1762	0,402
4,2012	0,404
4,2262	0,405
4,2512	0,407
4,2762	0,407
4,3012	0,407
4,3262	0,407
4,3512	0,406
4,3762	0,405
4,4012	0,403
4,4262	0,401
4,4512	0,399
4,4761	0,396
4,5011	0,392
4,5261	0,388
4,5511	0,384
4,5761	0,379
4,6011	0,374
4,6261	0,368
4,6511	0,363
4,6760	0,357
4,7010	0,351
4,7260	0,344
4,7510	0,336
4,7760	0,329
4,8009	0,322
4,8259	0,315
4,8509	0,308
4,8759	0,301
4,9009	0,294
4,9258	0,288
4,9508	0,281
4,9758	0,275
5,0008	0,268
5,0258	0,262
5,0507	0,256
5,0757	0,251
5,1007	0,246
5,1257	0,241
5,1507	0,236
5,1757	0,232
5,2007	0,228
5,2257	0,225
5,2506	0,222
5,2756	0,219
5,3006	0,217
5,3256	0,216
5,3506	0,215
5,3756	0,214
5,4006	0,214
5,4256	0,215
5,4506	0,216
5,4756	0,217
5,5006	0,219
5,5256	0,222
5,5507	0,224
5,5757	0,228
5,6007	0,232
5,6257	0,236
5,6507	0,240
5,6757	0,245
5,7007	0,250
5,7257	0,255
5,7508	0,261
5,7758	0,267
5,8008	0,273
5,8258	0,280
5,8508	0,286
5,8759	0,293
5,9009	0,300
5,9259	0,306
5,9509	0,313
5,9759	0,320
6,0010	0,327
6,0260	0,334
6,0510	0,340
6,0760	0,349
6,1010	0,355
6,1260	0,361
6,1511	0,366
6,1761	0,372
6,2011	0,377
6,2261	0,382
6,2511	0,386
6,2761	0,390
6,3011	0,393
6,3262	0,396
6,3512	0,399
6,3762	0,401
6,4012	0,403
6,4262	0,404
6,4512	0,405
6,4762	0,405
6,5012	0,405
6,5262	0,405
6,5512	0,404
6,5762	0,402
6,6012	0,400
6,6262	0,397
6,6511	0,395
6,6761	0,391
6,7011	0,388
6,7261	0,384
6,7511	0,379
6,7761	0,374
6,8011	0,369
6,8261	0,363
6,8510	0,358
6,8760	0,351
6,9010	0,345
6,9260	0,337
6,9510	0,330
6,9759	0,323
7,0009	0,316
7,0259	0,310
7,0509	0,303
7,0759	0,296
7,1008	0,289
7,1258	0,283
7,1508	0,277
7,1758	0,271
7,2008	0,265
7,2258	0,259
7,2507	0,253
7,2757	0,248
7,3007	0,243
7,3257	0,239
7,3507	0,234
7,3757	0,231
7,4007	0,227
7,4257	0,224
7,4506	0,222
7,4756	0,220
7,5006	0,218
7,5256	0,217
7,5506	0,216
7,5756	0,216
7,6006	0,217
7,6256	0,218
7,6506	0,219
7,6756	0,221
7,7006	0,223
7,7257	0,225
7,7507	0,229
7,7757	0,232
7,8007	0,236
7,8257	0,241
7,8507	0,245
7,8757	0,250
7,9007	0,256
7,9258	0,261
7,9508	0,267
7,9758	0,273
8,0008	0,279
8,0258	0,286
8,0508	0,292
8,0759	0,299
8,1009	0,305
8,1259	0,312
8,1509	0,319
8,1759	0,325
8,2010	0,332
8,2260	0,339
8,2510	0,345
8,2760	0,353
8,3010	0,359
8,3261	0,365
8,3511	0,370
8,3761	0,375
8,4011	0,380
8,4261	0,384
8,4511	0,388
8,4761	0,392
8,5011	0,395
8,5262	0,398
8,5512	0,400
8,5762	0,402
8,6012	0,403
8,6262	0,404
8,6512	0,404
8,6762	0,404
8,7012	0,403
8,7262	0,402
8,7512	0,401
8,7762	0,399
8,8012	0,397
8,8261	0,394
8,8511	0,390
8,8761	0,387
8,9011	0,383
8,9261	0,378
8,9511	0,374
8,9761	0,369
9,0011	0,363
9,0260	0,358
9,0510	0,351
9,0760	0,345
9,1010	0,337
9,1260	0,330
9,1509	0,324
9,1759	0,317
9,2009	0,310
9,2259	0,304
9,2509	0,297
9,2758	0,290
9,3008	0,284
9,3258	0,278
9,3508	0,271
9,3758	0,266
9,4008	0,260
9,4257	0,254
9,4507	0,249
9,4757	0,244
9,5007	0,240
9,5257	0,236
9,5507	0,232
9,5757	0,228
9,6007	0,225
9,6256	0,223
9,6506	0,221
9,6756	0,219
9,7006	0,218
9,7256	0,218
9,7506	0,217
9,7756	0,218
9,8006	0,218
9,8256	0,220
9,8506	0,222
9,8757	0,224
9,9007	0,226
9,9257	0,229
9,9507	0,233
9,9757	0,237
10,0007	0,241
10,0257	0,246
10,0507	0,250
10,0757	0,256
10,1008	0,261
10,1258	0,267
10,1508	0,273
10,1758	0,279
10,2008	0,285
10,2258	0,292
10,2509	0,298
10,2759	0,305
10,3009	0,312
10,3259	0,318
10,3509	0,325
10,3760	0,332
10,4010	0,338
10,4260	0,346
10,4510	0,353
10,4760	0,358
10,5011	0,364
10,5261	0,370
10,5511	0,375
10,5761	0,379
10,6011	0,384
10,6261	0,388
10,6511	0,391
10,6761	0,394
10,7012	0,397
10,7262	0,399
10,7512	0,401
10,7762	0,402
10,8012	0,403
10,8262	0,404
10,8512	0,403
10,8762	0,403
10,9012	0,402
10,9262	0,401
10,9512	0,399
10,9762	0,396
11,0011	0,394
11,0261	0,390
11,0511	0,387
11,0761	0,383
11,1011	0,378
11,1261	0,374
11,1511	0,368
11,1761	0,363
11,2010	0,357
11,2260	0,351
11,2510	0,344
11,2760	0,337
11,3010	0,330
11,3259	0,324
11,3509	0,317
11,3759	0,310
11,4009	0,304
11,4259	0,297
11,4508	0,291
11,4758	0,284
11,5008	0,278
11,5258	0,272
11,5508	0,266
11,5758	0,260
11,6007	0,255
11,6257	0,249
11,6507	0,245
11,6757	0,240
11,7007	0,236
11,7257	0,232
11,7507	0,229
11,7757	0,225
11,8006	0,223
11,8256	0,221
11,8506	0,219
11,8756	0,218
11,9006	0,217
11,9256	0,217
11,9506	0,217
11,9756	0,218
12,0006	0,219
12,0256	0,221
12,0506	0,223
12,0757	0,226
12,1007	0,229
12,1257	0,232
12,1507	0,236
12,1757	0,240
12,2007	0,245
12,2257	0,250
12,2507	0,255
12,2758	0,260
12,3008	0,266
12,3258	0,272
12,3508	0,278
12,3758	0,285
12,4008	0,291
12,4259	0,298
12,4509	0,305
12,4759	0,311
12,5009	0,318
12,5259	0,325
12,5510	0,331
12,5760	0,338
12,6010	0,346
12,6260	0,352
12,6510	0,358
12,6761	0,364
12,7011	0,370
12,7261	0,375
12,7511	0,379
12,7761	0,384
12,8011	0,388
12,8261	0,391
12,8511	0,395
12,8762	0,397
12,9012	0,400
12,9262	0,401
12,9512	0,403
12,9762	0,404
13,0012	0,404
13,0262	0,404
13,0512	0,404
13,0762	0,403
13,1012	0,401
13,1262	0,400
13,1512	0,397
13,1761	0,395
13,2011	0,391
13,2261	0,388
13,2511	0,384
13,2761	0,379
13,3011	0,375
13,3261	0,369
13,3511	0,364
13,3760	0,358
13,4010	0,352
13,4260	0,345
13,4510	0,338
13,4760	0,331
13,5009	0,325
13,5259	0,318
13,5509	0,311
13,5759	0,305
13,6009	0,298
13,6258	0,292
13,6508	0,285
13,6758	0,279
13,7008	0,272
13,7258	0,266
13,7508	0,261
13,7757	0,255
13,8007	0,250
13,8257	0,245
13,8507	0,240
13,8757	0,236
13,9007	0,232
13,9257	0,228
13,9507	0,225
13,9756	0,222
14,0006	0,220
14,0256	0,218
14,0506	0,217
14,0756	0,216
14,1006	0,216
14,1256	0,216
14,1506	0,217
14,1756	0,218
14,2006	0,220
14,2256	0,222
14,2507	0,224
14,2757	0,227
14,3007	0,230
14,3257	0,234
14,3507	0,239
14,3757	0,243
14,4007	0,248
14,4257	0,253
14,4508	0,259
14,4758	0,265
14,5008	0,271
14,5258	0,277
14,5508	0,283
14,5758	0,290
14,6009	0,296
14,6259	0,303
14,6509	0,310
14,6759	0,316
14,7009	0,323
14,7260	0,330
14,7510	0,337
14,7760	0,344
14,8010	0,351
14,8260	0,358
14,8511	0,364
14,8761	0,369
14,9011	0,374
14,9261	0,379
14,9511	0,384
14,9761	0,388
15,0011	0,391
15,0261	0,395
15,0512	0,398
15,0762	0,400
15,1012	0,402
15,1262	0,404
15,1512	0,405
15,1762	0,405
15,2012	0,405
15,2262	0,405
15,2512	0,404
15,2762	0,403
15,3012	0,401
15,3262	0,399
15,3512	0,396
15,3761	0,393
15,4011	0,390
15,4261	0,386
15,4511	0,382
15,4761	0,377
15,5011	0,372
15,5261	0,366
15,5510	0,361
15,5760	0,355
15,6010	0,347
15,6260	0,340
15,6510	0,334
15,6760	0,327
15,7009	0,320
15,7259	0,314
15,7509	0,307
15,7759	0,300
15,8009	0,293
15,8258	0,287
15,8508	0,280
15,8758	0,274
15,9008	0,268
15,9258	0,262
15,9507	0,256
15,9757	0,251
16,0007	0,246
16,0257	0,241
16,0507	0,236
16,0757	0,232
16,1007	0,228
16,1257	0,225
16,1506	0,222
16,1756	0,220
16,2006	0,218
16,2256	0,217
16,2506	0,216
16,2756	0,215
16,3006	0,215
16,3256	0,216
16,3506	0,216
16,3756	0,218
16,4006	0,220
16,4256	0,222
16,4507	0,225
16,4757	0,228
16,5007	0,232
16,5257	0,236
16,5507	0,241
16,5757	0,245
16,6007	0,251
16,6257	0,256
16,6508	0,262
16,6758	0,268
16,7008	0,274
16,7258	0,280
16,7508	0,287
16,7759	0,293
16,8009	0,300
16,8259	0,307
16,8509	0,314
16,8759	0,321
16,9010	0,327
16,9260	0,334
16,9510	0,341
16,9760	0,349
17,0010	0,355
17,0261	0,361
17,0511	0,367
17,0761	0,373
17,1011	0,378
17,1261	0,382
17,1511	0,387
17,1761	0,390
17,2011	0,394
17,2262	0,397
17,2512	0,400
17,2762	0,402
17,3012	0,404
17,3262	0,405
17,3512	0,406
17,3762	0,406
17,4012	0,406
17,4262	0,405
17,4512	0,404
17,4762	0,403
17,5012	0,401
17,5262	0,398
17,5511	0,395
17,5761	0,392
17,6011	0,388
17,6261	0,384
17,6511	0,380
17,6761	0,375
17,7011	0,369
17,7261	0,364
17,7510	0,358
17,7760	0,352
17,8010	0,344
17,8260	0,337
17,8510	0,330
17,8759	0,324
17,9009	0,317
17,9259	0,310
17,9509	0,303
17,9759	0,297
18,0008	0,290
18,0258	0,283
18,0508	0,277
18,0758	0,270
18,1008	0,264
18,1258	0,258
18,1507	0,253
18,1757	0,248
18,2007	0,243
18,2257	0,238
18,2507	0,234
18,2757	0,230
18,3007	0,226
18,3256	0,223
18,3506	0,221
18,3756	0,218
18,4006	0,217
18,4256	0,216
18,4506	0,215
18,4756	0,214
18,5006	0,215
18,5256	0,216
18,5506	0,217
18,5756	0,218
18,6006	0,221
18,6256	0,223
18,6507	0,226
18,6757	0,230
18,7007	0,234
18,7257	0,238
18,7507	0,243
18,7757	0,248
18,8007	0,253
18,8258	0,259
18,8508	0,265
18,8758	0,271
18,9008	0,277
18,9258	0,283
18,9508	0,290
18,9759	0,297
19,0009	0,303
19,0259	0,310
19,0509	0,317
19,0759	0,324
19,1010	0,331
19,1260	0,337
19,1510	0,344
19,1760	0,352
19,2010	0,358
19,2261	0,364
19,2511	0,370
19,2761	0,375
19,3011	0,380
19,3261	0,384
19,3511	0,389
19,3761	0,392
19,4011	0,396
19,4262	0,399
19,4512	0,401
19,4762	0,403
19,5012	0,404
19,5262	0,405
19,5512	0,406
19,5762	0,406
19,6012	0,406
19,6262	0,405
19,6512	0,404
19,6762	0,402
19,7012	0,400
19,7262	0,397
19,7511	0,394
19,7761	0,390
19,8011	0,386
19,8261	0,382
19,8511	0,377
19,8761	0,372
19,9011	0,367
19,9260	0,361
19,9510	0,355
19,9760	0,349
20,0010	0,341
20,0260	0,334
20,0510	0,327
20,0759	0,320
20,1009	0,314
20,1259	0,307
20,1509	0,300
20,1759	0,293
20,2008	0,287
20,2258	0,280
20,2508	0,274
20,2758	0,268
20,3008	0,262
20,3257	0,256
20,3507	0,251
20,3757	0,245
20,4007	0,241
20,4257	0,236
20,4507	0,232
20,4757	0,229
20,5007	0,225
20,5256	0,222
20,5506	0,220
20,5756	0,218
20,6006	0,217
20,6256	0,216
20,6506	0,215
20,6756	0,215
20,7006	0,216
20,7256	0,217
20,7506	0,218
20,7756	0,220
20,8006	0,222
20,8257	0,225
20,8507	0,229
20,8757	0,232
20,9007	0,236
20,9257	0,241
20,9507	0,246
20,9757	0,251
21,0007	0,256
21,0258	0,262
21,0508	0,268
21,0758	0,274
21,1008	0,280
21,1258	0,287
21,1509	0,293
21,1759	0,300
21,2009	0,307
21,2259	0,313
21,2509	0,320
21,2760	0,327
21,3010	0,334
21,3260	0,340
21,3510	0,348
21,3760	0,355
21,4010	0,361
21,4261	0,366
21,4511	0,372
21,4761	0,377
21,5011	0,381
21,5261	0,386
21,5511	0,390
21,5761	0,393
21,6012	0,396
21,6262	0,399
21,6512	0,401
21,6762	0,403
21,7012	0,404
21,7262	0,405
21,7512	0,405
21,7762	0,405
21,8012	0,404
21,8262	0,403
21,8512	0,402
21,8762	0,400
21,9012	0,397
21,9261	0,394
21,9511	0,391
21,9761	0,388
22,0011	0,383
22,0261	0,379
22,0511	0,374
22,0761	0,369
22,1011	0,363
22,1260	0,357
22,1510	0,351
22,1760	0,344
22,2010	0,337
22,2260	0,330
22,2509	0,324
22,2759	0,317
22,3009	0,310
22,3259	0,303
22,3509	0,297
22,3758	0,290
22,4008	0,284
22,4258	0,277
22,4508	0,271
22,4758	0,265
22,5008	0,260
22,5257	0,254
22,5507	0,249
22,5757	0,244
22,6007	0,239
22,6257	0,235
22,6507	0,232
22,6757	0,228
22,7007	0,225
22,7256	0,223
22,7506	0,221
22,7756	0,219
22,8006	0,218
22,8256	0,217
22,8506	0,217
22,8756	0,217
22,9006	0,218
22,9256	0,219
22,9506	0,221
22,9756	0,223
23,0007	0,225
23,0257	0,228
23,0507	0,232
23,0757	0,236
23,1007	0,240
23,1257	0,245
23,1507	0,250
23,1757	0,255
23,2008	0,260
23,2258	0,266
23,2508	0,272
23,2758	0,278
23,3008	0,284
23,3258	0,291
23,3509	0,298
23,3759	0,304
23,4009	0,311
23,4259	0,317
23,4509	0,324
23,4760	0,330
23,5010	0,337
23,5260	0,343
23,5510	0,351
23,5760	0,357
23,6011	0,363
23,6261	0,368
23,6511	0,374
23,6761	0,378
23,7011	0,383
23,7261	0,387
23,7511	0,390
23,7761	0,393
23,8012	0,396
23,8262	0,399
23,8512	0,400
23,8762	0,402
23,9012	0,403
23,9262	0,403
23,9512	0,403
23,9762	0,403
24,0012	0,402
24,0262	0,401
24,0512	0,399
24,0762	0,397
24,1011	0,394
24,1261	0,391
24,1511	0,387
24,1761	0,384
24,2011	0,379
24,2261	0,375
24,2511	0,370
24,2761	0,365
24,3010	0,359
24,3260	0,353
24,3510	0,347
24,3760	0,339
24,4010	0,332
24,4259	0,326
24,4509	0,319
24,4759	0,313
24,5009	0,306
24,5259	0,299
24,5509	0,293
24,5758	0,286
24,6008	0,280
24,6258	0,274
24,6508	0,268
24,6758	0,262
24,7007	0,257
24,7257	0,252
24,7507	0,247
24,7757	0,242
24,8007	0,238
24,8257	0,234
24,8507	0,231
24,8757	0,228
24,9007	0,225
24,9256	0,223
24,9506	0,221
24,9756	0,220
25,0006	0,219
25,0256	0,219
25,0506	0,219
25,0756	0,219
25,1006	0,221
25,1256	0,222
25,1507	0,224
25,1757	0,227
25,2007	0,229
25,2257	0,233
25,2507	0,236
25,2757	0,240
25,3007	0,245
25,3257	0,250
25,3507	0,255
25,3758	0,260
25,4008	0,266
25,4258	0,271
25,4508	0,277
25,4758	0,283
25,5008	0,290
25,5259	0,296
25,5509	0,302
25,5759	0,309
25,6009	0,315
25,6259	0,322
25,6510	0,328
25,6760	0,335
25,7010	0,341
25,7260	0,349
25,7510	0,355
25,7760	0,361
25,8011	0,366
25,8261	0,371
25,8511	0,376
25,8761	0,380
25,9011	0,384
25,9261	0,388
25,9511	0,391
25,9761	0,394
26,0012	0,396
26,0262	0,398
26,0512	0,400
26,0762	0,401
26,1012	0,401
26,1262	0,402
26,1512	0,401
26,1762	0,400
26,2012	0,399
26,2262	0,397
26,2511	0,395
26,2761	0,393
26,3011	0,390
26,3261	0,387
26,3511	0,383
26,3761	0,379
26,4011	0,374
26,4261	0,369
26,4511	0,364
26,4760	0,359
26,5010	0,353
26,5260	0,347
26,5510	0,339
26,5760	0,333
26,6009	0,326
26,6259	0,320
26,6509	0,313
26,6759	0,307
26,7009	0,300
26,7259	0,294
26,7508	0,288
26,7758	0,282
26,8008	0,276
26,8258	0,270
26,8508	0,264
26,8758	0,259
26,9007	0,254
26,9257	0,249
26,9507	0,244
26,9757	0,240
27,0007	0,236
27,0257	0,233
27,0507	0,230
27,0757	0,227
27,1007	0,225
27,1256	0,223
27,1506	0,222
27,1756	0,221
27,2006	0,221
27,2256	0,221
27,2506	0,221
27,2756	0,222
27,3006	0,223
27,3257	0,225
27,3507	0,228
27,3757	0,230
27,4007	0,234
27,4257	0,237
27,4507	0,241
27,4757	0,245
27,5007	0,250
27,5257	0,255
27,5508	0,260
27,5758	0,266
27,6008	0,271
27,6258	0,277
27,6508	0,283
27,6758	0,289
27,7009	0,296
27,7259	0,302
27,7509	0,308
27,7759	0,315
27,8009	0,321
27,8260	0,328
27,8510	0,334
27,8760	0,341
27,9010	0,348
27,9260	0,354
27,9510	0,360
27,9761	0,365
28,0011	0,370
28,0261	0,375
28,0511	0,379
28,0761	0,383
28,1011	0,387
28,1261	0,390
28,1511	0,393
28,1761	0,395
28,2012	0,397
28,2262	0,399
28,2512	0,400
28,2762	0,400
28,3012	0,400
28,3262	0,400
28,3512	0,399
28,3762	0,398
28,4012	0,396
28,4261	0,394
28,4511	0,392
28,4761	0,389
28,5011	0,386
28,5261	0,382
28,5511	0,378
28,5761	0,374
28,6011	0,369
28,6261	0,364
28,6510	0,358
28,6760	0,353
28,7010	0,345
28,7260	0,339
28,7510	0,333
28,7759	0,326
28,8009	0,320
28,8259	0,314
28,8509	0,307
28,8759	0,301
28,9009	0,295
28,9258	0,288
28,9508	0,282
28,9758	0,276
29,0008	0,271
29,0258	0,265
29,0508	0,260
29,0757	0,254
29,1007	0,250
29,1257	0,245
29,1507	0,241
29,1757	0,237
29,2007	0,234
29,2257	0,230
29,2507	0,228
29,2757	0,226
29,3007	0,224
29,3256	0,222
29,3506	0,222
29,3756	0,221
29,4006	0,221
29,4256	0,222
29,4506	0,223
29,4757	0,224
29,5007	0,226
29,5257	0,228
29,5507	0,231
29,5757	0,234
29,6007	0,237
29,6257	0,241
29,6507	0,246
29,6757	0,250
29,7007	0,255
29,7258	0,260
29,7508	0,266
29,7758	0,271
29,8008	0,277
29,8258	0,283
29,8508	0,289
29,8759	0,295
29,9009	0,302
29,9259	0,308
29,9509	0,315
29,9759	0,321
30,0010	0,327
30,0260	0,334
30,0510	0,340
30,0760	0,348
30,1010	0,354
30,1260	0,359
30,1511	0,365
30,1761	0,370
30,2011	0,374
30,2261	0,379
30,2511	0,383
30,2761	0,386
30,3011	0,390
30,3261	0,392
30,3511	0,395
30,3762	0,397
30,4012	0,398
30,4262	0,399
30,4512	0,400
30,4762	0,400
30,5012	0,400
30,5262	0,399
30,5512	0,398
30,5762	0,396
30,6011	0,394
30,6261	0,392
30,6511	0,389
30,6761	0,386
30,7011	0,382
30,7261	0,378
30,7511	0,374
30,7761	0,369
30,8011	0,364
30,8260	0,359
30,8510	0,353
30,8760	0,345
30,9010	0,339
30,9260	0,333
30,9509	0,327
30,9759	0,320
31,0009	0,314
31,0259	0,308
31,0509	0,301
31,0759	0,295
31,1008	0,289
31,1258	0,283
31,1508	0,277
31,1758	0,271
31,2008	0,265
31,2258	0,260
31,2507	0,255
31,2757	0,250
31,3007	0,245
31,3257	0,241
31,3507	0,237
31,3757	0,233
31,4007	0,230
31,4257	0,228
31,4507	0,225
31,4756	0,224
31,5006	0,222
31,5256	0,221
31,5506	0,221
31,5756	0,221
31,6006	0,221
31,6256	0,222
31,6506	0,223
31,6757	0,225
31,7007	0,227
31,7257	0,230
31,7507	0,233
31,7757	0,237
31,8007	0,240
31,8257	0,245
31,8507	0,249
31,8757	0,254
31,9008	0,259
31,9258	0,265
31,9508	0,270
31,9758	0,276
32,0008	0,282
32,0258	0,288
32,0509	0,295
32,0759	0,301
32,1009	0,307
32,1259	0,314
32,1509	0,320
32,1759	0,327
32,2010	0,333
32,2260	0,339
32,2510	0,347
32,2760	0,353
32,3010	0,359
32,3261	0,364
32,3511	0,369
32,3761	0,374
32,4011	0,379
32,4261	0,383
32,4511	0,386
32,4761	0,390
32,5011	0,393
32,5261	0,395
32,5512	0,397
32,5762	0,399
32,6012	0,400
32,6262	0,401
32,6512	0,401
32,6762	0,401
32,7012	0,400
32,7262	0,399
32,7512	0,397
32,7761	0,396
32,8011	0,393
32,8261	0,390
32,8511	0,387
32,8761	0,384
32,9011	0,380
32,9261	0,375
32,9511	0,370
32,9761	0,365
33,0010	0,360
33,0260	0,354
33,0510	0,348
33,0760	0,341
33,1010	0,334
33,1260	0,328
33,1509	0,322
33,1759	0,315
33,2009	0,309
33,2259	0,302
33,2509	0,296
33,2758	0,290
33,3008	0,283
33,3258	0,277
33,3508	0,271
33,3758	0,266
33,4008	0,260
33,4257	0,255
33,4507	0,250
33,4757	0,245
33,5007	0,241
33,5257	0,237
33,5507	0,233
33,5757	0,230
33,6007	0,227
33,6257	0,225
33,6506	0,223
33,6756	0,221
33,7006	0,220
33,7256	0,220
33,7506	0,219
33,7756	0,220
33,8006	0,221
33,8256	0,222
33,8506	0,224
33,8757	0,226
33,9007	0,228
33,9257	0,231
33,9507	0,235
33,9757	0,239
34,0007	0,243
34,0257	0,247
34,0507	0,252
34,0757	0,257
34,1008	0,263
34,1258	0,268
34,1508	0,274
34,1758	0,280
34,2008	0,286
34,2259	0,293
34,2509	0,299
34,2759	0,305
34,3009	0,312
34,3259	0,319
34,3509	0,325
34,3760	0,331
34,4010	0,338
34,4260	0,344
34,4510	0,352
34,4760	0,358
34,5011	0,363
34,5261	0,368
34,5511	0,373
34,5761	0,378
34,6011	0,382
34,6261	0,386
34,6511	0,390
34,6761	0,393
34,7011	0,395
34,7262	0,397
34,7512	0,399
34,7762	0,401
34,8012	0,402
34,8262	0,402
34,8512	0,402
34,8762	0,401
34,9012	0,400
34,9262	0,399
34,9512	0,397
34,9761	0,395
35,0011	0,392
35,0261	0,389
35,0511	0,386
35,0761	0,382
35,1011	0,378
35,1261	0,373
35,1511	0,368
