Position, Messreihe #3
Zeit ( s )	Position ( m )
0,0011	0,371
0,0511	0,373
0,1011	0,374
0,1511	0,374
0,2011	0,373
0,2511	0,370
0,3011	0,365
0,3510	0,361
0,4010	0,354
0,4510	0,345
0,5010	0,337
0,5510	0,329
0,6009	0,320
0,6509	0,311
0,7009	0,302
0,7509	0,293
0,8008	0,285
0,8508	0,277
0,9008	0,270
0,9508	0,263
1,0008	0,258
1,0507	0,254
1,1007	0,250
1,1507	0,248
1,2007	0,247
1,2507	0,248
1,3007	0,250
1,3507	0,252
1,4007	0,256
1,4508	0,262
1,5008	0,268
1,5508	0,275
1,6008	0,283
1,6508	0,291
1,7009	0,300
1,7509	0,309
1,8009	0,318
1,8509	0,327
1,9010	0,336
1,9510	0,346
2,0010	0,353
2,0510	0,359
2,1011	0,364
2,1511	0,369
2,2011	0,372
2,2511	0,374
2,3011	0,374
2,3511	0,374
2,4011	0,372
2,4511	0,368
2,5011	0,364
2,5510	0,358
2,6010	0,352
2,6510	0,343
2,7010	0,335
2,7509	0,326
2,8009	0,318
2,8509	0,309
2,9009	0,300
2,9508	0,291
3,0008	0,283
3,0508	0,276
3,1008	0,268
3,1508	0,262
3,2007	0,257
3,2507	0,253
3,3007	0,250
3,3507	0,248
3,4007	0,248
3,4507	0,249
3,5007	0,251
3,5507	0,254
3,6008	0,259
3,6508	0,264
3,7008	0,271
3,7508	0,278
3,8008	0,286
3,8509	0,294
3,9009	0,303
3,9509	0,311
4,0009	0,320
4,0510	0,329
4,1010	0,337
4,1510	0,347
4,2010	0,354
4,2510	0,360
4,3011	0,364
4,3511	0,368
4,4011	0,372
4,4511	0,373
4,5011	0,373
4,5511	0,372
4,6011	0,370
4,6511	0,366
4,7011	0,362
4,7510	0,356
4,8010	0,348
4,8510	0,340
4,9010	0,332
4,9509	0,323
5,0009	0,315
5,0509	0,306
5,1009	0,298
5,1508	0,289
5,2008	0,281
5,2508	0,274
5,3008	0,267
5,3508	0,261
5,4007	0,256
5,4507	0,253
5,5007	0,250
5,5507	0,249
5,6007	0,249
5,6507	0,250
5,7007	0,253
5,7507	0,256
5,8008	0,261
5,8508	0,267
5,9008	0,273
5,9508	0,281
6,0008	0,289
6,0509	0,297
6,1009	0,305
6,1509	0,314
6,2009	0,323
6,2510	0,331
6,3010	0,339
6,3510	0,346
6,4010	0,355
6,4510	0,361
6,5011	0,365
6,5511	0,368
6,6011	0,371
6,6511	0,372
6,7011	0,372
6,7511	0,370
6,8011	0,368
6,8511	0,364
6,9010	0,359
6,9510	0,353
7,0010	0,344
7,0510	0,337
7,1010	0,329
7,1509	0,320
7,2009	0,312
7,2509	0,303
7,3009	0,295
7,3508	0,287
7,4008	0,279
7,4508	0,272
7,5008	0,266
7,5508	0,260
7,6007	0,256
7,6507	0,253
7,7007	0,251
7,7507	0,250
7,8007	0,250
7,8507	0,252
7,9007	0,255
7,9508	0,259
8,0008	0,264
8,0508	0,270
8,1008	0,277
8,1508	0,284
8,2008	0,292
8,2509	0,300
8,3009	0,309
8,3509	0,317
8,4009	0,326
8,4510	0,334
8,5010	0,342
8,5510	0,350
8,6010	0,356
8,6511	0,362
8,7011	0,365
8,7511	0,369
8,8011	0,370
8,8511	0,371
8,9011	0,370
8,9511	0,368
9,0011	0,365
9,0510	0,361
9,1010	0,356
9,1510	0,350
9,2010	0,341
9,2510	0,333
9,3009	0,325
9,3509	0,317
9,4009	0,308
9,4509	0,300
9,5008	0,292
9,5508	0,284
9,6008	0,276
9,6508	0,270
9,7008	0,264
9,7508	0,259
9,8007	0,255
9,8507	0,253
9,9007	0,251
9,9507	0,251
10,0007	0,252
10,0507	0,254
10,1007	0,257
10,1508	0,262
10,2008	0,267
10,2508	0,273
10,3008	0,280
10,3508	0,288
10,4009	0,296
10,4509	0,304
10,5009	0,313
10,5509	0,321
10,6010	0,329
10,6510	0,337
10,7010	0,346
10,7510	0,353
10,8010	0,358
10,8511	0,363
10,9011	0,367
10,9511	0,369
11,0011	0,370
11,0511	0,370
11,1011	0,369
11,1511	0,367
11,2011	0,363
11,2510	0,358
11,3010	0,353
11,3510	0,346
11,4010	0,337
11,4510	0,329
11,5009	0,321
11,5509	0,313
11,6009	0,304
11,6509	0,296
11,7008	0,288
11,7508	0,281
11,8008	0,274
11,8508	0,267
11,9008	0,262
11,9507	0,257
12,0007	0,254
12,0507	0,252
12,1007	0,251
12,1507	0,251
12,2007	0,253
12,2507	0,256
12,3008	0,260
12,3508	0,264
12,4008	0,270
12,4508	0,277
12,5008	0,284
12,5508	0,292
12,6009	0,300
12,6509	0,308
12,7009	0,316
12,7509	0,325
12,8010	0,333
12,8510	0,340
12,9010	0,349
12,9510	0,355
13,0010	0,361
13,0511	0,365
13,1011	0,368
13,1511	0,370
13,2011	0,370
13,2511	0,370
13,3011	0,368
13,3511	0,365
13,4011	0,361
13,4510	0,356
13,5010	0,350
13,5510	0,342
13,6010	0,334
13,6509	0,326
13,7009	0,317
13,7509	0,309
13,8009	0,300
13,8509	0,292
13,9008	0,284
13,9508	0,277
14,0008	0,271
14,0508	0,265
14,1008	0,260
14,1507	0,256
14,2007	0,253
14,2507	0,251
14,3007	0,251
14,3507	0,252
14,4007	0,254
14,4507	0,257
14,5008	0,261
14,5508	0,267
14,6008	0,273
14,6508	0,280
14,7008	0,287
14,7509	0,295
14,8009	0,303
14,8509	0,311
14,9009	0,320
14,9510	0,328
15,0010	0,336
15,0510	0,343
15,1010	0,352
15,1510	0,358
15,2011	0,363
15,2511	0,367
15,3011	0,369
15,3511	0,370
15,4011	0,371
15,4511	0,370
15,5011	0,368
15,5511	0,364
15,6010	0,360
15,6510	0,354
15,7010	0,348
15,7510	0,338
15,8010	0,331
15,8509	0,322
15,9009	0,314
15,9509	0,305
16,0009	0,297
16,0508	0,289
16,1008	0,282
16,1508	0,274
16,2008	0,268
16,2508	0,262
16,3008	0,258
16,3507	0,255
16,4007	0,252
16,4507	0,251
16,5007	0,251
16,5507	0,252
16,6007	0,255
16,6508	0,258
16,7008	0,263
16,7508	0,268
16,8008	0,275
16,8508	0,282
16,9008	0,290
16,9509	0,298
17,0009	0,306
17,0509	0,315
17,1009	0,323
17,1510	0,331
17,2010	0,340
17,2510	0,348
17,3010	0,355
17,3510	0,361
17,4011	0,365
17,4511	0,368
17,5011	0,370
17,5511	0,371
17,6011	0,371
17,6511	0,369
17,7011	0,367
17,7511	0,363
17,8010	0,358
17,8510	0,352
17,9010	0,345
17,9510	0,336
18,0010	0,328
18,0509	0,319
18,1009	0,311
18,1509	0,303
18,2009	0,294
18,2508	0,286
18,3008	0,279
18,3508	0,272
18,4008	0,266
18,4508	0,261
18,5007	0,256
18,5507	0,253
18,6007	0,251
18,6507	0,251
18,7007	0,251
18,7507	0,253
18,8007	0,255
18,8508	0,259
18,9008	0,264
18,9508	0,270
19,0008	0,277
19,0508	0,284
19,1008	0,292
19,1509	0,300
19,2009	0,309
19,2509	0,318
19,3009	0,326
19,3510	0,334
19,4010	0,344
19,4510	0,351
19,5010	0,357
19,5511	0,362
19,6011	0,366
19,6511	0,369
19,7011	0,371
19,7511	0,371
19,8011	0,370
19,8511	0,368
19,9011	0,365
19,9511	0,361
20,0010	0,356
20,0510	0,350
20,1010	0,341
20,1510	0,334
20,2009	0,325
20,2509	0,317
20,3009	0,309
20,3509	0,300
20,4008	0,292
20,4508	0,284
20,5008	0,277
20,5508	0,270
20,6008	0,265
20,6508	0,260
20,7007	0,256
20,7507	0,253
20,8007	0,251
20,8507	0,251
20,9007	0,252
20,9507	0,254
21,0007	0,257
21,0508	0,261
21,1008	0,266
21,1508	0,272
21,2008	0,279
21,2508	0,287
21,3009	0,295
21,3509	0,303
21,4009	0,311
21,4509	0,320
21,5010	0,328
21,5510	0,336
21,6010	0,345
21,6510	0,352
21,7010	0,358
21,7511	0,362
21,8011	0,366
21,8511	0,369
21,9011	0,370
21,9511	0,370
22,0011	0,369
22,0511	0,367
22,1011	0,364
22,1510	0,359
22,2010	0,354
22,2510	0,346
22,3010	0,339
22,3510	0,331
22,4009	0,323
22,4509	0,315
22,5009	0,306
22,5509	0,298
22,6008	0,290
22,6508	0,282
22,7008	0,275
22,7508	0,269
22,8008	0,264
22,8508	0,259
22,9007	0,255
22,9507	0,253
23,0007	0,252
23,0507	0,252
23,1007	0,253
23,1507	0,255
23,2008	0,259
23,2508	0,263
23,3008	0,269
23,3508	0,275
23,4008	0,282
23,4508	0,289
23,5009	0,297
23,5509	0,306
23,6009	0,314
23,6509	0,322
23,7010	0,330
23,7510	0,338
23,8010	0,345
23,8510	0,353
23,9010	0,358
23,9511	0,363
24,0011	0,366
24,0511	0,368
24,1011	0,369
24,1511	0,369
24,2011	0,368
24,2511	0,365
24,3011	0,362
24,3510	0,357
24,4010	0,351
24,4510	0,343
24,5010	0,336
24,5510	0,328
24,6009	0,320
24,6509	0,312
24,7009	0,304
24,7509	0,296
24,8008	0,288
24,8508	0,281
24,9008	0,274
24,9508	0,268
25,0008	0,263
25,0508	0,259
25,1007	0,255
25,1507	0,253
25,2007	0,252
25,2507	0,253
25,3007	0,255
25,3507	0,257
25,4008	0,261
25,4508	0,266
25,5008	0,271
25,5508	0,278
25,6008	0,285
25,6509	0,292
25,7009	0,300
25,7509	0,309
25,8009	0,317
25,8509	0,325
25,9010	0,332
25,9510	0,340
26,0010	0,348
26,0510	0,354
26,1010	0,359
26,1511	0,363
26,2011	0,366
26,2511	0,368
26,3011	0,368
26,3511	0,368
26,4011	0,366
26,4511	0,363
26,5010	0,359
26,5510	0,354
26,6010	0,348
26,6510	0,341
26,7010	0,333
26,7509	0,325
26,8009	0,317
26,8509	0,309
26,9009	0,301
26,9509	0,293
27,0008	0,285
27,0508	0,278
27,1008	0,272
27,1508	0,266
27,2008	0,262
27,2508	0,258
27,3007	0,255
27,3507	0,254
27,4007	0,254
27,4507	0,254
27,5007	0,256
27,5508	0,260
27,6008	0,264
27,6508	0,269
27,7008	0,275
27,7508	0,281
27,8008	0,288
27,8509	0,296
27,9009	0,304
27,9509	0,312
28,0009	0,320
28,0510	0,328
28,1010	0,335
28,1510	0,342
28,2010	0,350
28,2510	0,356
28,3010	0,360
28,3511	0,364
28,4011	0,366
28,4511	0,368
28,5011	0,368
28,5511	0,367
28,6011	0,364
28,6511	0,361
28,7010	0,357
28,7510	0,351
28,8010	0,345
28,8510	0,336
28,9010	0,329
28,9509	0,321
29,0009	0,313
29,0509	0,305
29,1009	0,297
29,1508	0,290
29,2008	0,282
29,2508	0,276
29,3008	0,270
29,3508	0,265
29,4008	0,261
29,4507	0,257
29,5007	0,255
29,5507	0,254
29,6007	0,255
29,6507	0,256
29,7008	0,258
29,7508	0,262
29,8008	0,266
29,8508	0,272
29,9008	0,278
29,9508	0,285
30,0008	0,292
30,0509	0,300
30,1009	0,307
30,1509	0,315
30,2009	0,323
30,2510	0,331
30,3010	0,338
30,3510	0,346
30,4010	0,353
30,4510	0,358
30,5011	0,362
30,5511	0,365
30,6011	0,367
30,6511	0,367
