Position, Messreihe #3
Zeit ( s )	Position ( m )
0,0010	0,348
0,0260	0,350
0,0510	0,352
0,0760	0,354
0,1010	0,356
0,1260	0,360
0,1511	0,361
0,1761	0,363
0,2011	0,365
0,2261	0,366
0,2511	0,368
0,2761	0,369
0,3011	0,370
0,3261	0,371
0,3511	0,372
0,3761	0,372
0,4011	0,373
0,4261	0,373
0,4511	0,373
0,4761	0,373
0,5011	0,373
0,5261	0,373
0,5511	0,372
0,5761	0,371
0,6011	0,371
0,6261	0,370
0,6511	0,369
0,6761	0,367
0,7011	0,366
0,7261	0,364
0,7511	0,363
0,7761	0,361
0,8010	0,359
0,8260	0,358
0,8510	0,354
0,8760	0,352
0,9010	0,350
0,9260	0,347
0,9510	0,345
0,9760	0,343
1,0010	0,341
1,0260	0,339
1,0510	0,337
1,0760	0,335
1,1010	0,333
1,1260	0,331
1,1510	0,330
1,1760	0,328
1,2009	0,327
1,2259	0,325
1,2509	0,324
1,2759	0,323
1,3009	0,322
1,3259	0,321
1,3509	0,321
1,3759	0,320
1,4009	0,320
1,4259	0,320
1,4509	0,320
1,4759	0,320
1,5009	0,320
1,5259	0,321
1,5509	0,321
1,5759	0,322
1,6009	0,323
1,6259	0,324
1,6509	0,325
1,6759	0,326
1,7010	0,328
1,7260	0,329
1,7510	0,331
1,7760	0,333
1,8010	0,335
1,8260	0,336
1,8510	0,338
1,8760	0,340
1,9010	0,342
1,9260	0,344
1,9510	0,346
1,9760	0,348
2,0010	0,350
2,0260	0,352
2,0510	0,356
2,0760	0,358
2,1010	0,360
2,1261	0,361
2,1511	0,363
2,1761	0,364
2,2011	0,366
2,2261	0,367
2,2511	0,368
2,2761	0,369
2,3011	0,370
2,3261	0,371
2,3511	0,371
2,3761	0,371
2,4011	0,372
2,4261	0,372
2,4511	0,372
2,4761	0,372
2,5011	0,371
2,5261	0,371
2,5511	0,370
2,5761	0,369
2,6011	0,368
2,6261	0,367
2,6511	0,365
2,6761	0,364
2,7011	0,362
2,7260	0,361
2,7510	0,358
2,7760	0,355
2,8010	0,353
2,8260	0,351
2,8510	0,350
2,8760	0,348
2,9010	0,346
2,9260	0,344
2,9510	0,342
2,9760	0,340
3,0010	0,338
3,0260	0,336
3,0510	0,334
3,0760	0,333
3,1010	0,331
3,1260	0,330
3,1510	0,328
3,1760	0,327
3,2009	0,326
3,2259	0,325
3,2509	0,324
3,2759	0,323
3,3009	0,322
3,3259	0,322
3,3509	0,322
3,3759	0,321
3,4009	0,321
3,4259	0,322
3,4509	0,322
3,4759	0,322
3,5009	0,323
3,5259	0,324
3,5509	0,324
3,5759	0,325
3,6009	0,327
3,6260	0,328
3,6510	0,329
3,6760	0,331
3,7010	0,332
3,7260	0,334
3,7510	0,336
3,7760	0,337
3,8010	0,339
3,8260	0,341
3,8510	0,343
3,8760	0,345
3,9010	0,347
3,9260	0,349
3,9510	0,351
3,9760	0,352
4,0010	0,356
4,0260	0,358
4,0510	0,360
4,0760	0,361
4,1011	0,363
4,1261	0,364
4,1511	0,365
4,1761	0,367
4,2011	0,367
4,2261	0,368
4,2511	0,369
4,2761	0,370
4,3011	0,370
4,3261	0,370
4,3511	0,370
4,3761	0,370
4,4011	0,370
4,4261	0,370
4,4511	0,369
4,4761	0,369
4,5011	0,368
4,5261	0,367
4,5511	0,366
4,5761	0,365
4,6011	0,364
4,6261	0,362
4,6510	0,361
4,6760	0,359
4,7010	0,356
4,7260	0,354
4,7510	0,352
4,7760	0,350
4,8010	0,348
4,8260	0,346
4,8510	0,345
4,8760	0,343
4,9010	0,341
4,9260	0,339
4,9510	0,337
4,9760	0,335
5,0010	0,334
5,0260	0,332
5,0510	0,331
5,0760	0,329
5,1010	0,328
5,1260	0,327
5,1509	0,326
5,1759	0,325
5,2009	0,324
5,2259	0,323
5,2509	0,323
5,2759	0,322
5,3009	0,322
5,3259	0,322
5,3509	0,322
5,3759	0,322
5,4009	0,323
5,4259	0,323
5,4509	0,324
5,4759	0,325
5,5009	0,326
5,5259	0,327
5,5510	0,328
5,5760	0,329
5,6010	0,331
5,6260	0,332
5,6510	0,334
5,6760	0,335
5,7010	0,337
5,7260	0,339
5,7510	0,341
5,7760	0,343
5,8010	0,345
5,8260	0,346
5,8510	0,348
5,8760	0,350
5,9010	0,352
5,9260	0,355
5,9510	0,358
5,9760	0,359
6,0010	0,361
6,0261	0,362
6,0511	0,364
6,0761	0,365
6,1011	0,366
6,1261	0,367
6,1511	0,368
6,1761	0,369
6,2011	0,370
6,2261	0,370
6,2511	0,370
6,2761	0,371
6,3011	0,371
6,3261	0,371
6,3511	0,370
6,3761	0,370
6,4011	0,369
6,4261	0,369
6,4511	0,368
6,4761	0,367
6,5011	0,366
6,5261	0,364
6,5511	0,363
6,5761	0,362
6,6010	0,360
6,6260	0,357
6,6510	0,355
6,6760	0,353
6,7010	0,351
6,7260	0,349
6,7510	0,347
6,7760	0,345
6,8010	0,343
6,8260	0,342
6,8510	0,340
6,8760	0,338
6,9010	0,336
6,9260	0,334
6,9510	0,332
6,9760	0,331
7,0010	0,329
7,0260	0,328
7,0510	0,327
7,0759	0,326
7,1009	0,325
7,1259	0,324
7,1509	0,323
7,1759	0,322
7,2009	0,322
7,2259	0,321
7,2509	0,321
7,2759	0,321
7,3009	0,321
7,3259	0,321
7,3509	0,322
7,3759	0,322
7,4009	0,323
7,4259	0,324
7,4509	0,325
7,4759	0,326
7,5010	0,327
7,5260	0,329
7,5510	0,330
7,5760	0,332
7,6010	0,334
7,6260	0,335
7,6510	0,337
7,6760	0,339
7,7010	0,341
7,7260	0,343
7,7510	0,345
7,7760	0,347
7,8010	0,349
7,8260	0,351
7,8510	0,353
7,8760	0,355
7,9010	0,357
7,9260	0,360
7,9511	0,361
7,9761	0,363
8,0011	0,364
8,0261	0,366
8,0511	0,367
8,0761	0,368
8,1011	0,369
8,1261	0,370
8,1511	0,371
8,1761	0,371
8,2011	0,372
8,2261	0,372
8,2511	0,372
8,2761	0,372
8,3011	0,372
8,3261	0,371
8,3511	0,370
8,3761	0,370
8,4011	0,369
8,4261	0,368
8,4511	0,367
8,4761	0,365
8,5011	0,364
8,5261	0,363
8,5510	0,361
8,5760	0,358
8,6010	0,356
8,6260	0,354
8,6510	0,352
8,6760	0,350
8,7010	0,348
8,7260	0,346
8,7510	0,344
8,7760	0,342
8,8010	0,340
8,8260	0,338
8,8510	0,336
8,8760	0,335
8,9010	0,333
8,9260	0,331
8,9510	0,329
8,9760	0,328
9,0009	0,327
9,0259	0,325
9,0509	0,324
9,0759	0,323
9,1009	0,322
9,1259	0,322
9,1509	0,321
9,1759	0,321
9,2009	0,320
9,2259	0,320
9,2509	0,320
9,2759	0,321
9,3009	0,321
9,3259	0,321
9,3509	0,322
9,3759	0,323
9,4009	0,324
9,4259	0,325
9,4509	0,326
9,4760	0,327
9,5010	0,329
9,5260	0,330
9,5510	0,332
9,5760	0,334
9,6010	0,336
9,6260	0,337
9,6510	0,339
9,6760	0,341
9,7010	0,343
9,7260	0,345
9,7510	0,347
9,7760	0,349
9,8010	0,351
9,8260	0,353
9,8510	0,355
9,8760	0,357
9,9010	0,360
9,9261	0,362
9,9511	0,364
9,9761	0,365
10,0011	0,366
10,0261	0,368
10,0511	0,369
10,0761	0,370
10,1011	0,370
10,1261	0,371
10,1511	0,371
10,1761	0,372
10,2011	0,372
10,2261	0,372
10,2511	0,372
10,2761	0,371
10,3011	0,371
10,3261	0,370
10,3511	0,370
10,3761	0,369
10,4011	0,368
10,4261	0,367
10,4511	0,365
10,4761	0,364
10,5011	0,362
10,5260	0,361
10,5510	0,359
10,5760	0,356
10,6010	0,353
10,6260	0,351
10,6510	0,350
10,6760	0,348
10,7010	0,346
10,7260	0,344
10,7510	0,342
10,7760	0,340
10,8010	0,338
10,8260	0,336
10,8510	0,334
10,8760	0,333
10,9010	0,331
10,9260	0,330
10,9510	0,328
10,9760	0,327
11,0009	0,326
11,0259	0,325
11,0509	0,324
11,0759	0,323
11,1009	0,322
11,1259	0,322
11,1509	0,321
11,1759	0,321
11,2009	0,321
11,2259	0,321
11,2509	0,321
11,2759	0,322
11,3009	0,322
11,3259	0,323
11,3509	0,324
11,3759	0,325
11,4009	0,326
11,4260	0,327
11,4510	0,329
11,4760	0,330
11,5010	0,332
11,5260	0,333
11,5510	0,335
11,5760	0,337
11,6010	0,338
11,6260	0,340
11,6510	0,342
11,6760	0,344
11,7010	0,346
11,7260	0,348
11,7510	0,350
11,7760	0,352
11,8010	0,354
11,8260	0,355
11,8510	0,358
11,8760	0,360
11,9011	0,362
11,9261	0,364
11,9511	0,365
11,9761	0,366
12,0011	0,367
12,0261	0,368
12,0511	0,369
12,0761	0,369
12,1011	0,370
12,1261	0,370
12,1511	0,370
12,1761	0,371
12,2011	0,370
12,2261	0,370
12,2511	0,370
12,2761	0,369
12,3011	0,369
12,3261	0,368
12,3511	0,367
12,3761	0,366
12,4011	0,364
12,4261	0,363
12,4511	0,362
12,4760	0,360
12,5010	0,359
12,5260	0,357
12,5510	0,353
12,5760	0,352
12,6010	0,350
12,6260	0,348
12,6510	0,346
12,6760	0,344
12,7010	0,342
12,7260	0,341
12,7510	0,339
12,7760	0,337
12,8010	0,335
12,8260	0,334
12,8510	0,332
12,8760	0,331
12,9010	0,329
12,9260	0,328
12,9510	0,327
12,9759	0,326
13,0009	0,325
13,0259	0,324
13,0509	0,324
13,0759	0,323
13,1009	0,323
13,1259	0,323
13,1509	0,322
13,1759	0,323
13,2009	0,323
13,2259	0,323
13,2509	0,324
13,2759	0,325
13,3009	0,325
13,3259	0,326
13,3510	0,327
13,3760	0,329
13,4010	0,330
13,4260	0,331
13,4510	0,333
13,4760	0,334
13,5010	0,336
13,5260	0,338
13,5510	0,339
13,5760	0,341
13,6010	0,343
13,6260	0,345
13,6510	0,347
13,6760	0,348
13,7010	0,350
13,7260	0,352
13,7510	0,354
13,7760	0,356
13,8010	0,358
13,8260	0,361
13,8511	0,362
13,8761	0,363
13,9011	0,364
13,9261	0,365
13,9511	0,367
13,9761	0,367
14,0011	0,368
14,0261	0,369
14,0511	0,369
14,0761	0,369
14,1011	0,370
14,1261	0,369
14,1511	0,369
14,1761	0,369
14,2011	0,369
14,2261	0,368
14,2511	0,367
14,2761	0,367
14,3011	0,365
14,3261	0,364
14,3511	0,363
14,3761	0,362
14,4010	0,361
14,4260	0,359
14,4510	0,357
14,4760	0,356
14,5010	0,352
14,5260	0,350
14,5510	0,348
14,5760	0,347
14,6010	0,345
14,6260	0,343
14,6510	0,341
14,6760	0,339
14,7010	0,338
14,7260	0,336
14,7510	0,334
14,7760	0,333
14,8010	0,331
14,8260	0,330
14,8510	0,329
14,8760	0,327
14,9009	0,326
14,9259	0,326
14,9509	0,325
14,9759	0,324
15,0009	0,324
15,0259	0,323
15,0509	0,323
15,0759	0,323
15,1009	0,323
15,1259	0,323
15,1509	0,324
15,1759	0,324
15,2009	0,325
15,2259	0,325
15,2509	0,326
15,2760	0,327
15,3010	0,328
15,3260	0,330
15,3510	0,331
15,3760	0,332
15,4010	0,334
15,4260	0,336
15,4510	0,337
15,4760	0,339
15,5010	0,341
15,5260	0,342
15,5510	0,344
15,5760	0,346
15,6010	0,348
15,6260	0,350
15,6510	0,352
15,6760	0,353
15,7010	0,356
15,7260	0,358
15,7510	0,360
15,7761	0,362
15,8011	0,363
15,8261	0,364
15,8511	0,365
15,8761	0,367
15,9011	0,368
15,9261	0,368
15,9511	0,369
15,9761	0,369
16,0011	0,370
16,0261	0,370
16,0511	0,370
16,0761	0,370
16,1011	0,370
16,1261	0,369
16,1511	0,369
16,1761	0,368
16,2011	0,367
16,2261	0,367
16,2511	0,365
16,2761	0,364
16,3011	0,363
16,3261	0,361
16,3510	0,360
16,3760	0,358
16,4010	0,356
16,4260	0,353
16,4510	0,351
16,4760	0,349
16,5010	0,347
16,5260	0,346
16,5510	0,344
16,5760	0,342
16,6010	0,340
16,6260	0,338
16,6510	0,336
16,6760	0,335
16,7010	0,333
16,7260	0,331
16,7510	0,330
16,7760	0,329
16,8010	0,327
16,8259	0,326
16,8509	0,325
16,8759	0,324
16,9009	0,324
16,9259	0,323
16,9509	0,322
16,9759	0,322
17,0009	0,322
17,0259	0,322
17,0509	0,322
17,0759	0,322
17,1009	0,322
17,1259	0,323
17,1509	0,324
17,1759	0,325
17,2009	0,325
17,2259	0,326
17,2510	0,328
17,2760	0,329
17,3010	0,330
17,3260	0,332
17,3510	0,334
17,3760	0,335
17,4010	0,337
17,4260	0,339
17,4510	0,341
17,4760	0,342
17,5010	0,345
17,5260	0,346
17,5510	0,348
17,5760	0,350
17,6010	0,352
17,6260	0,354
17,6510	0,357
17,6760	0,359
17,7010	0,361
17,7261	0,362
17,7511	0,364
17,7761	0,365
17,8011	0,367
17,8261	0,368
17,8511	0,368
17,8761	0,369
17,9011	0,370
17,9261	0,371
17,9511	0,371
17,9761	0,371
18,0011	0,371
18,0261	0,371
18,0511	0,371
18,0761	0,371
18,1011	0,370
18,1261	0,369
18,1511	0,368
18,1761	0,368
18,2011	0,366
18,2261	0,365
18,2511	0,364
18,2761	0,362
18,3010	0,361
18,3260	0,359
18,3510	0,356
18,3760	0,354
18,4010	0,352
18,4260	0,350
18,4510	0,348
18,4760	0,346
18,5010	0,344
18,5260	0,342
18,5510	0,341
18,5760	0,339
18,6010	0,337
18,6260	0,335
18,6510	0,333
18,6760	0,332
18,7010	0,330
18,7260	0,329
18,7510	0,327
18,7759	0,326
18,8009	0,325
18,8259	0,324
18,8509	0,323
18,8759	0,322
18,9009	0,322
18,9259	0,321
18,9509	0,321
18,9759	0,321
19,0009	0,321
19,0259	0,321
19,0509	0,322
19,0759	0,322
19,1009	0,323
19,1259	0,324
19,1509	0,324
19,1759	0,325
19,2009	0,327
19,2260	0,328
19,2510	0,329
19,2760	0,331
19,3010	0,332
19,3260	0,334
19,3510	0,336
19,3760	0,338
19,4010	0,339
19,4260	0,341
19,4510	0,343
19,4760	0,345
19,5010	0,347
19,5260	0,349
19,5510	0,351
19,5760	0,353
19,6010	0,356
19,6260	0,358
19,6510	0,360
19,6761	0,361
19,7011	0,363
19,7261	0,364
19,7511	0,365
19,7761	0,367
19,8011	0,368
19,8261	0,369
19,8511	0,369
19,8761	0,370
19,9011	0,370
19,9261	0,371
19,9511	0,371
19,9761	0,371
20,0011	0,371
20,0261	0,370
20,0511	0,370
20,0761	0,369
20,1011	0,369
20,1261	0,368
20,1511	0,367
20,1761	0,366
20,2011	0,364
20,2261	0,363
20,2511	0,362
20,2760	0,359
20,3010	0,357
20,3260	0,355
20,3510	0,353
20,3760	0,351
20,4010	0,350
20,4260	0,348
20,4510	0,346
20,4760	0,344
20,5010	0,342
20,5260	0,340
20,5510	0,338
20,5760	0,337
20,6010	0,335
20,6260	0,333
20,6510	0,332
20,6760	0,330
20,7010	0,329
20,7260	0,328
20,7509	0,326
20,7759	0,325
20,8009	0,325
20,8259	0,324
20,8509	0,323
20,8759	0,323
20,9009	0,322
20,9259	0,322
20,9509	0,322
20,9759	0,322
21,0009	0,322
21,0259	0,323
21,0509	0,323
21,0759	0,324
21,1009	0,325
21,1259	0,326
21,1510	0,327
21,1760	0,328
21,2010	0,329
21,2260	0,331
21,2510	0,332
21,2760	0,334
21,3010	0,335
21,3260	0,337
21,3510	0,339
21,3760	0,341
21,4010	0,342
21,4260	0,344
21,4510	0,346
21,4760	0,348
21,5010	0,350
21,5260	0,352
21,5510	0,353
21,5760	0,357
21,6010	0,358
21,6260	0,360
21,6511	0,361
21,6761	0,363
21,7011	0,364
21,7261	0,365
21,7511	0,366
21,7761	0,367
21,8011	0,368
21,8261	0,368
21,8511	0,369
21,8761	0,369
21,9011	0,369
21,9261	0,369
21,9511	0,369
21,9761	0,369
22,0011	0,369
22,0261	0,368
22,0511	0,368
22,0761	0,367
22,1011	0,366
22,1261	0,365
22,1511	0,364
22,1761	0,362
22,2010	0,361
22,2260	0,359
22,2510	0,356
22,2760	0,354
22,3010	0,353
22,3260	0,351
22,3510	0,349
22,3760	0,348
22,4010	0,346
22,4260	0,344
22,4510	0,342
22,4760	0,341
22,5010	0,339
22,5260	0,337
22,5510	0,336
22,5760	0,334
22,6010	0,332
22,6260	0,331
22,6510	0,330
22,6760	0,329
22,7010	0,328
22,7259	0,327
22,7509	0,326
22,7759	0,325
22,8009	0,325
22,8259	0,324
22,8509	0,324
22,8759	0,324
22,9009	0,324
22,9259	0,324
22,9509	0,324
22,9759	0,324
23,0009	0,325
23,0259	0,326
23,0509	0,326
23,0760	0,327
23,1010	0,328
23,1260	0,329
23,1510	0,331
23,1760	0,332
23,2010	0,333
23,2260	0,335
23,2510	0,336
23,2760	0,338
23,3010	0,340
23,3260	0,341
23,3510	0,343
23,3760	0,345
23,4010	0,347
23,4260	0,348
23,4510	0,350
23,4760	0,352
23,5010	0,353
23,5260	0,355
23,5510	0,357
23,5760	0,360
23,6010	0,361
23,6261	0,363
23,6511	0,364
23,6761	0,365
23,7011	0,366
23,7261	0,367
23,7511	0,367
23,7761	0,368
23,8011	0,368
23,8261	0,368
23,8511	0,368
23,8761	0,368
23,9011	0,368
23,9261	0,368
23,9511	0,368
23,9761	0,367
24,0011	0,366
24,0261	0,365
24,0511	0,364
24,0761	0,363
24,1011	0,362
24,1260	0,361
24,1510	0,360
24,1760	0,357
24,2010	0,355
24,2260	0,353
24,2510	0,352
24,2760	0,350
24,3010	0,348
24,3260	0,346
24,3510	0,345
24,3760	0,343
24,4010	0,341
24,4260	0,340
24,4510	0,338
24,4760	0,336
24,5010	0,335
24,5260	0,333
24,5510	0,332
24,5760	0,330
24,6010	0,329
24,6260	0,328
24,6510	0,327
24,6759	0,326
24,7009	0,325
24,7259	0,325
24,7509	0,324
24,7759	0,324
24,8009	0,324
24,8259	0,324
24,8509	0,324
24,8759	0,324
24,9009	0,324
24,9259	0,325
24,9509	0,325
24,9759	0,326
25,0009	0,327
25,0260	0,328
25,0510	0,329
25,0760	0,330
25,1010	0,331
25,1260	0,333
25,1510	0,334
25,1760	0,336
25,2010	0,337
25,2260	0,339
25,2510	0,341
25,2760	0,343
25,3010	0,344
25,3260	0,346
25,3510	0,348
25,3760	0,350
25,4010	0,351
25,4260	0,353
25,4510	0,355
25,4760	0,356
25,5010	0,359
25,5260	0,361
25,5511	0,362
25,5761	0,364
25,6011	0,365
25,6261	0,366
25,6511	0,367
25,6761	0,368
25,7011	0,368
25,7261	0,369
25,7511	0,369
25,7761	0,369
25,8011	0,369
25,8261	0,369
25,8511	0,369
25,8761	0,369
25,9011	0,368
25,9261	0,368
25,9511	0,367
25,9761	0,366
26,0011	0,365
26,0261	0,364
26,0511	0,362
26,0760	0,361
26,1010	0,360
26,1260	0,358
26,1510	0,357
26,1760	0,353
26,2010	0,352
26,2260	0,350
26,2510	0,348
26,2760	0,346
26,3010	0,344
26,3260	0,342
26,3510	0,340
26,3760	0,339
26,4010	0,337
26,4260	0,335
26,4510	0,334
26,4760	0,332
26,5010	0,331
26,5260	0,329
26,5510	0,328
26,5760	0,327
26,6009	0,326
26,6259	0,325
26,6509	0,324
26,6759	0,324
26,7009	0,323
26,7259	0,323
26,7509	0,322
26,7759	0,322
26,8009	0,322
26,8259	0,323
26,8509	0,323
26,8759	0,324
26,9009	0,324
26,9259	0,325
26,9509	0,326
26,9760	0,327
27,0010	0,328
27,0260	0,329
27,0510	0,331
27,0760	0,332
27,1010	0,334
27,1260	0,335
27,1510	0,337
27,1760	0,339
27,2010	0,341
27,2260	0,342
27,2510	0,344
27,2760	0,346
27,3010	0,348
27,3260	0,350
27,3510	0,352
27,3760	0,353
27,4010	0,355
27,4260	0,357
27,4510	0,360
27,4761	0,362
27,5011	0,363
27,5261	0,364
27,5511	0,365
27,5761	0,367
27,6011	0,368
27,6261	0,368
27,6511	0,369
27,6761	0,370
27,7011	0,370
27,7261	0,370
27,7511	0,371
27,7761	0,370
27,8011	0,370
27,8261	0,370
27,8511	0,369
27,8761	0,369
27,9011	0,368
27,9261	0,367
27,9511	0,366
27,9761	0,365
28,0011	0,364
28,0261	0,362
28,0510	0,361
28,0760	0,359
28,1010	0,358
28,1260	0,356
28,1510	0,352
28,1760	0,350
28,2010	0,348
28,2260	0,347
28,2510	0,345
28,2760	0,343
28,3010	0,341
28,3260	0,339
28,3510	0,337
28,3760	0,336
28,4010	0,334
28,4260	0,332
28,4510	0,331
28,4760	0,330
28,5010	0,328
28,5260	0,327
28,5509	0,326
28,5759	0,325
28,6009	0,324
28,6259	0,323
28,6509	0,323
28,6759	0,322
28,7009	0,322
28,7259	0,322
28,7509	0,322
28,7759	0,322
28,8009	0,322
28,8259	0,323
28,8509	0,324
28,8759	0,324
28,9009	0,325
28,9259	0,326
28,9510	0,327
28,9760	0,328
29,0010	0,330
29,0260	0,331
29,0510	0,332
29,0760	0,334
29,1010	0,336
29,1260	0,337
29,1510	0,339
29,1760	0,341
29,2010	0,343
29,2260	0,345
29,2510	0,347
29,2760	0,348
29,3010	0,350
29,3260	0,352
29,3510	0,354
29,3760	0,356
29,4010	0,359
29,4260	0,361
29,4511	0,362
29,4761	0,364
29,5011	0,365
29,5261	0,366
29,5511	0,367
29,5761	0,368
29,6011	0,368
29,6261	0,369
29,6511	0,370
29,6761	0,370
29,7011	0,370
29,7261	0,370
29,7511	0,370
29,7761	0,370
29,8011	0,369
29,8261	0,369
29,8511	0,368
29,8761	0,367
29,9011	0,366
29,9261	0,365
29,9511	0,364
29,9761	0,363
30,0010	0,361
30,0260	0,360
30,0510	0,358
30,0760	0,356
30,1010	0,353
30,1260	0,351
