Position, Messreihe #1
Zeit ( s )	Position ( m )
6,0950E-4	0,210
0,0256	0,209
0,0506	0,209
0,0756	0,209
0,1006	0,210
0,1256	0,210
0,1506	0,210
0,1756	0,210
0,2006	0,211
0,2256	0,211
0,2506	0,211
0,2756	0,211
0,3006	0,211
0,3256	0,212
0,3506	0,213
0,3756	0,214
0,4006	0,217
0,4256	0,219
0,4506	0,222
0,4757	0,225
0,5007	0,229
0,5257	0,233
0,5507	0,238
0,5757	0,243
0,6007	0,248
0,6257	0,254
0,6508	0,260
0,6758	0,266
0,7008	0,272
0,7258	0,279
0,7508	0,286
0,7758	0,292
0,8009	0,299
0,8259	0,306
0,8509	0,313
0,8759	0,321
0,9010	0,328
0,9260	0,336
0,9510	0,344
0,9760	0,352
1,0010	0,356
1,0261	0,362
1,0511	0,368
1,0761	0,373
1,1011	0,378
1,1261	0,383
1,1511	0,388
1,1761	0,392
1,2011	0,395
1,2262	0,399
1,2512	0,401
1,2762	0,404
1,3012	0,406
1,3262	0,407
1,3512	0,408
1,3762	0,408
1,4012	0,408
1,4262	0,407
1,4512	0,407
1,4762	0,406
1,5012	0,404
1,5262	0,402
1,5512	0,399
1,5761	0,395
1,6011	0,392
1,6261	0,388
1,6511	0,383
1,6761	0,378
1,7011	0,373
1,7261	0,368
1,7511	0,362
1,7760	0,356
1,8010	0,349
1,8260	0,341
1,8510	0,334
1,8760	0,327
1,9009	0,321
1,9259	0,314
1,9509	0,307
1,9759	0,300
2,0009	0,294
2,0258	0,287
2,0508	0,280
2,0758	0,274
2,1008	0,267
2,1258	0,261
2,1507	0,256
2,1757	0,250
2,2007	0,245
2,2257	0,240
2,2507	0,236
2,2757	0,232
2,3007	0,228
2,3257	0,224
2,3506	0,222
2,3756	0,219
2,4006	0,217
2,4256	0,216
2,4506	0,215
2,4756	0,214
2,5006	0,214
2,5256	0,214
2,5506	0,215
2,5756	0,217
2,6006	0,219
2,6256	0,221
2,6507	0,224
2,6757	0,227
2,7007	0,231
2,7257	0,235
2,7507	0,239
2,7757	0,244
2,8007	0,249
2,8257	0,254
2,8508	0,260
2,8758	0,266
2,9008	0,272
2,9258	0,278
2,9508	0,284
2,9758	0,291
3,0009	0,297
3,0259	0,304
3,0509	0,311
3,0759	0,317
3,1009	0,324
3,1260	0,331
3,1510	0,337
3,1760	0,344
3,2010	0,352
3,2260	0,357
3,2511	0,363
3,2761	0,369
3,3011	0,374
3,3261	0,379
3,3511	0,383
3,3761	0,387
3,4011	0,390
3,4261	0,393
3,4512	0,396
3,4762	0,399
3,5012	0,400
3,5262	0,402
3,5512	0,403
3,5762	0,403
3,6012	0,404
3,6262	0,403
3,6512	0,402
3,6762	0,401
3,7012	0,399
3,7262	0,397
3,7511	0,394
3,7761	0,391
3,8011	0,388
3,8261	0,384
3,8511	0,380
3,8761	0,375
3,9011	0,370
3,9261	0,365
3,9510	0,360
3,9760	0,354
4,0010	0,348
4,0260	0,340
4,0510	0,334
4,0760	0,327
4,1009	0,321
4,1259	0,314
4,1509	0,308
4,1759	0,302
4,2009	0,295
4,2258	0,289
4,2508	0,283
4,2758	0,277
4,3008	0,271
4,3258	0,265
4,3508	0,260
4,3757	0,255
4,4007	0,250
4,4257	0,245
4,4507	0,241
4,4757	0,237
4,5007	0,234
4,5257	0,231
4,5507	0,228
4,5757	0,226
4,6007	0,224
4,6256	0,223
4,6506	0,222
4,6756	0,221
4,7006	0,221
4,7256	0,222
4,7506	0,223
4,7757	0,224
4,8007	0,226
4,8257	0,228
4,8507	0,231
4,8757	0,234
4,9007	0,237
4,9257	0,241
4,9507	0,245
4,9757	0,249
5,0007	0,254
5,0258	0,259
5,0508	0,264
5,0758	0,270
5,1008	0,276
5,1258	0,281
5,1508	0,287
5,1759	0,293
5,2009	0,299
5,2259	0,305
5,2509	0,312
5,2759	0,318
5,3009	0,324
5,3260	0,330
5,3510	0,336
5,3760	0,342
5,4010	0,349
5,4260	0,355
5,4510	0,360
5,4761	0,365
5,5011	0,369
5,5261	0,374
5,5511	0,378
5,5761	0,382
5,6011	0,385
5,6261	0,388
5,6511	0,390
5,6761	0,392
5,7011	0,393
5,7261	0,395
5,7511	0,395
5,7762	0,396
5,8012	0,396
5,8261	0,395
5,8511	0,394
5,8761	0,393
5,9011	0,391
5,9261	0,389
5,9511	0,386
5,9761	0,383
6,0011	0,380
6,0261	0,376
6,0511	0,372
6,0761	0,367
6,1011	0,363
6,1260	0,358
6,1510	0,352
6,1760	0,347
6,2010	0,340
6,2260	0,334
6,2510	0,328
6,2759	0,322
6,3009	0,316
6,3259	0,310
6,3509	0,304
6,3759	0,299
6,4009	0,293
6,4258	0,287
6,4508	0,282
6,4758	0,276
6,5008	0,271
6,5258	0,266
6,5508	0,261
6,5757	0,257
6,6007	0,252
6,6257	0,248
6,6507	0,245
6,6757	0,242
6,7007	0,239
6,7257	0,236
6,7507	0,234
6,7757	0,232
6,8007	0,231
6,8257	0,230
6,8507	0,229
6,8757	0,229
6,9007	0,230
6,9257	0,231
6,9507	0,232
6,9757	0,233
7,0007	0,235
7,0257	0,238
7,0507	0,240
7,0757	0,244
7,1007	0,247
7,1257	0,251
7,1507	0,255
7,1758	0,259
7,2008	0,264
7,2258	0,268
7,2508	0,273
7,2758	0,279
7,3008	0,284
7,3258	0,290
7,3509	0,295
7,3759	0,301
7,4009	0,307
7,4259	0,312
7,4509	0,318
7,4759	0,323
7,5010	0,329
7,5260	0,334
7,5510	0,340
7,5760	0,347
7,6010	0,352
7,6260	0,357
7,6510	0,361
7,6761	0,365
7,7011	0,369
7,7261	0,373
7,7511	0,376
7,7761	0,379
7,8011	0,381
7,8261	0,384
7,8511	0,385
7,8761	0,387
7,9011	0,388
7,9261	0,388
7,9511	0,388
7,9761	0,388
8,0011	0,388
8,0261	0,386
8,0511	0,385
8,0761	0,383
8,1011	0,381
8,1261	0,379
8,1511	0,376
8,1761	0,373
8,2011	0,369
8,2261	0,365
8,2511	0,361
8,2760	0,357
8,3010	0,352
8,3260	0,347
8,3510	0,340
8,3760	0,335
8,4010	0,329
8,4259	0,324
8,4509	0,318
8,4759	0,313
8,5009	0,307
8,5259	0,302
8,5509	0,296
8,5758	0,291
8,6008	0,286
8,6258	0,281
8,6508	0,276
8,6758	0,271
8,7008	0,266
8,7258	0,262
8,7507	0,258
8,7757	0,254
8,8007	0,250
8,8257	0,247
8,8507	0,244
8,8757	0,242
8,9007	0,240
8,9257	0,238
8,9507	0,237
8,9757	0,236
9,0007	0,235
9,0257	0,235
9,0507	0,235
9,0757	0,236
9,1007	0,237
9,1257	0,238
9,1507	0,240
9,1757	0,242
9,2007	0,244
9,2257	0,247
9,2507	0,250
9,2757	0,254
9,3007	0,258
9,3258	0,262
9,3508	0,266
9,3758	0,271
9,4008	0,275
9,4258	0,280
9,4508	0,285
9,4758	0,290
9,5009	0,296
9,5259	0,301
9,5509	0,306
9,5759	0,312
9,6009	0,317
9,6259	0,322
9,6510	0,328
9,6760	0,333
9,7010	0,338
9,7260	0,343
9,7510	0,350
9,7760	0,354
9,8010	0,359
9,8261	0,363
9,8511	0,367
9,8761	0,370
9,9011	0,374
9,9261	0,376
9,9511	0,379
9,9761	0,381
10,0011	0,383
10,0261	0,384
10,0511	0,385
10,0761	0,386
10,1011	0,386
10,1261	0,386
10,1511	0,385
10,1761	0,384
10,2011	0,383
10,2261	0,381
10,2511	0,379
10,2761	0,377
10,3011	0,374
10,3261	0,371
10,3511	0,367
10,3761	0,363
10,4010	0,359
10,4260	0,355
10,4510	0,350
10,4760	0,345
10,5010	0,341
10,5260	0,333
10,5510	0,328
10,5759	0,323
10,6009	0,317
10,6259	0,312
10,6509	0,306
10,6759	0,301
10,7009	0,295
10,7258	0,290
10,7508	0,285
10,7758	0,280
10,8008	0,275
10,8258	0,270
10,8508	0,266
10,8758	0,261
10,9007	0,257
10,9257	0,254
10,9507	0,250
10,9757	0,247
11,0007	0,244
11,0257	0,242
11,0507	0,239
11,0757	0,238
11,1007	0,236
11,1257	0,235
11,1507	0,235
11,1757	0,234
11,2007	0,235
11,2257	0,235
11,2507	0,236
11,2757	0,238
11,3007	0,239
11,3257	0,241
11,3507	0,244
11,3757	0,247
11,4007	0,250
11,4257	0,254
11,4507	0,257
11,4758	0,261
11,5008	0,266
11,5258	0,270
11,5508	0,275
11,5758	0,280
11,6008	0,285
11,6258	0,291
11,6509	0,296
11,6759	0,301
11,7009	0,307
11,7259	0,312
11,7509	0,318
11,7759	0,323
11,8010	0,329
11,8260	0,334
11,8510	0,340
11,8760	0,347
11,9010	0,352
11,9260	0,356
11,9510	0,361
11,9761	0,365
12,0011	0,369
12,0261	0,373
12,0511	0,376
12,0761	0,379
12,1011	0,382
12,1261	0,384
12,1511	0,386
12,1761	0,387
12,2011	0,388
12,2261	0,389
12,2511	0,389
12,2761	0,389
12,3011	0,389
12,3261	0,388
12,3511	0,386
12,3761	0,385
12,4011	0,382
12,4261	0,380
12,4511	0,377
12,4761	0,374
12,5011	0,370
12,5261	0,367
12,5511	0,362
12,5760	0,358
12,6010	0,353
12,6260	0,348
12,6510	0,341
12,6760	0,336
12,7010	0,330
12,7259	0,325
12,7509	0,319
12,7759	0,313
12,8009	0,307
12,8259	0,302
12,8509	0,296
12,8758	0,290
12,9008	0,285
12,9258	0,280
12,9508	0,274
12,9758	0,269
13,0008	0,264
13,0258	0,260
13,0507	0,255
13,0757	0,251
13,1007	0,247
13,1257	0,244
13,1507	0,240
13,1757	0,238
13,2007	0,235
13,2257	0,233
13,2507	0,232
13,2757	0,230
13,3007	0,229
13,3257	0,229
13,3507	0,229
13,3757	0,229
13,4007	0,230
13,4257	0,231
13,4507	0,233
13,4757	0,235
13,5007	0,237
13,5257	0,240
13,5507	0,243
13,5757	0,247
13,6007	0,251
13,6257	0,255
13,6508	0,259
13,6758	0,264
13,7008	0,269
13,7258	0,274
13,7508	0,280
13,7758	0,285
13,8008	0,291
13,8259	0,297
13,8509	0,303
13,8759	0,309
13,9009	0,314
13,9259	0,320
13,9509	0,326
13,9760	0,332
14,0010	0,338
14,0260	0,344
14,0510	0,351
14,0760	0,357
14,1011	0,362
14,1261	0,367
14,1511	0,371
14,1761	0,375
14,2011	0,379
14,2261	0,382
14,2511	0,385
14,2761	0,388
14,3011	0,391
14,3261	0,393
14,3511	0,394
14,3761	0,395
14,4012	0,396
14,4262	0,396
14,4512	0,396
14,4761	0,395
14,5011	0,394
14,5261	0,393
14,5511	0,391
14,5761	0,389
14,6011	0,386
14,6261	0,383
14,6511	0,380
14,6761	0,376
14,7011	0,372
14,7261	0,367
14,7511	0,362
14,7760	0,357
14,8010	0,352
14,8260	0,346
14,8510	0,338
14,8760	0,332
14,9009	0,326
14,9259	0,320
14,9509	0,314
14,9759	0,308
15,0009	0,302
15,0259	0,296
15,0508	0,290
15,0758	0,284
15,1008	0,278
15,1258	0,272
15,1508	0,267
15,1758	0,261
15,2007	0,256
15,2257	0,251
15,2507	0,247
15,2757	0,243
15,3007	0,239
15,3257	0,235
15,3507	0,232
15,3757	0,229
15,4007	0,227
15,4257	0,225
15,4506	0,223
15,4756	0,222
15,5006	0,222
15,5256	0,221
15,5506	0,222
15,5756	0,222
15,6006	0,223
15,6257	0,225
15,6507	0,227
15,6757	0,230
15,7007	0,232
15,7257	0,236
15,7507	0,239
15,7757	0,243
15,8007	0,248
15,8257	0,252
15,8507	0,257
15,8758	0,263
15,9008	0,268
15,9258	0,274
15,9508	0,280
15,9758	0,286
16,0008	0,292
16,0259	0,298
16,0509	0,305
16,0759	0,311
16,1009	0,318
16,1259	0,324
16,1510	0,330
16,1760	0,337
16,2010	0,343
16,2260	0,351
16,2510	0,357
16,2761	0,362
16,3011	0,368
16,3261	0,373
16,3511	0,377
16,3761	0,381
16,4011	0,385
16,4261	0,389
16,4511	0,392
16,4761	0,395
16,5012	0,397
16,5262	0,399
16,5512	0,401
16,5762	0,402
16,6012	0,402
16,6262	0,403
16,6512	0,402
16,6762	0,402
16,7012	0,400
16,7262	0,399
16,7512	0,396
16,7761	0,394
16,8011	0,391
16,8261	0,388
16,8511	0,384
16,8761	0,380
16,9011	0,375
16,9261	0,371
16,9511	0,365
16,9760	0,360
17,0010	0,354
17,0260	0,348
17,0510	0,340
17,0760	0,334
17,1010	0,327
17,1259	0,321
17,1509	0,314
17,1759	0,308
17,2009	0,301
17,2259	0,295
17,2508	0,288
17,2758	0,282
17,3008	0,276
17,3258	0,270
17,3508	0,264
17,3758	0,258
17,4007	0,253
17,4257	0,248
17,4507	0,243
17,4757	0,239
17,5007	0,234
17,5257	0,231
17,5507	0,227
17,5757	0,224
17,6006	0,222
17,6256	0,220
17,6506	0,218
17,6756	0,217
17,7006	0,216
17,7256	0,216
17,7506	0,216
17,7756	0,217
17,8006	0,218
17,8256	0,220
17,8506	0,222
17,8757	0,225
17,9007	0,228
17,9257	0,231
17,9507	0,235
17,9757	0,239
18,0007	0,244
18,0257	0,248
18,0507	0,254
18,0758	0,259
18,1008	0,265
18,1258	0,271
18,1508	0,277
18,1758	0,283
18,2008	0,290
18,2259	0,296
18,2509	0,303
18,2759	0,309
18,3009	0,316
18,3259	0,323
18,3510	0,330
18,3760	0,336
18,4010	0,345
18,4260	0,351
18,4510	0,357
18,4761	0,363
18,5011	0,368
18,5261	0,374
18,5511	0,378
18,5761	0,383
18,6011	0,387
18,6261	0,391
18,6511	0,394
18,6762	0,397
18,7012	0,400
18,7262	0,402
18,7512	0,403
18,7762	0,405
18,8012	0,405
18,8262	0,405
18,8512	0,405
18,8762	0,405
18,9012	0,404
18,9262	0,402
18,9512	0,400
18,9762	0,397
19,0011	0,395
19,0261	0,391
19,0511	0,388
19,0761	0,384
19,1011	0,379
19,1261	0,374
19,1511	0,369
19,1761	0,363
19,2010	0,358
19,2260	0,351
19,2510	0,343
19,2760	0,337
19,3010	0,330
19,3259	0,324
19,3509	0,317
19,3759	0,310
19,4009	0,304
19,4259	0,297
19,4508	0,291
19,4758	0,284
19,5008	0,278
19,5258	0,272
19,5508	0,266
19,5758	0,260
19,6007	0,254
19,6257	0,249
19,6507	0,244
19,6757	0,239
19,7007	0,235
19,7257	0,231
19,7507	0,228
19,7757	0,225
19,8006	0,222
19,8256	0,220
19,8506	0,218
19,8756	0,217
19,9006	0,216
19,9256	0,216
19,9506	0,216
19,9756	0,216
20,0006	0,217
20,0256	0,219
20,0506	0,221
20,0756	0,223
20,1007	0,226
20,1257	0,229
20,1507	0,233
20,1757	0,237
20,2007	0,241
20,2257	0,246
20,2507	0,251
20,2757	0,257
20,3008	0,262
20,3258	0,268
20,3508	0,274
20,3758	0,281
20,4008	0,287
20,4259	0,293
20,4509	0,300
20,4759	0,307
20,5009	0,313
20,5259	0,320
20,5509	0,326
20,5760	0,333
20,6010	0,340
20,6260	0,348
20,6510	0,354
20,6760	0,359
20,7011	0,365
20,7261	0,370
20,7511	0,375
20,7761	0,380
20,8011	0,384
20,8261	0,388
20,8511	0,392
20,8761	0,395
20,9012	0,397
20,9262	0,399
20,9512	0,401
20,9762	0,402
21,0012	0,403
21,0262	0,404
21,0512	0,404
21,0762	0,403
21,1012	0,402
21,1262	0,401
21,1512	0,399
21,1762	0,396
21,2011	0,394
21,2261	0,391
21,2511	0,387
21,2761	0,383
21,3011	0,379
21,3261	0,375
21,3511	0,369
21,3761	0,364
21,4010	0,359
21,4260	0,353
21,4510	0,345
21,4760	0,339
21,5010	0,332
21,5259	0,326
21,5509	0,319
21,5759	0,313
21,6009	0,307
21,6259	0,300
21,6509	0,294
21,6758	0,287
21,7008	0,281
21,7258	0,275
21,7508	0,269
21,7758	0,264
21,8008	0,258
21,8257	0,253
21,8507	0,248
21,8757	0,244
21,9007	0,240
21,9257	0,236
21,9507	0,232
21,9757	0,229
22,0007	0,227
22,0257	0,224
22,0506	0,223
22,0756	0,221
22,1006	0,220
22,1256	0,220
22,1506	0,220
22,1756	0,221
22,2006	0,221
22,2256	0,223
22,2507	0,224
22,2757	0,227
22,3007	0,229
22,3257	0,233
22,3507	0,236
22,3757	0,240
22,4007	0,244
22,4257	0,248
22,4507	0,253
22,4758	0,258
22,5008	0,264
22,5258	0,269
22,5508	0,275
22,5758	0,281
22,6008	0,287
22,6259	0,293
22,6509	0,299
22,6759	0,305
22,7009	0,311
22,7259	0,318
22,7509	0,324
22,7760	0,330
22,8010	0,336
22,8260	0,342
22,8510	0,350
22,8760	0,356
22,9010	0,361
22,9261	0,366
22,9511	0,370
22,9761	0,375
23,0011	0,379
23,0261	0,383
23,0511	0,386
23,0761	0,389
23,1011	0,391
23,1261	0,393
23,1511	0,395
23,1762	0,396
23,2012	0,397
23,2262	0,397
23,2512	0,397
23,2762	0,397
23,3012	0,396
23,3261	0,395
23,3511	0,393
23,3761	0,391
23,4011	0,388
23,4261	0,385
23,4511	0,382
23,4761	0,378
23,5011	0,374
23,5261	0,370
23,5511	0,365
23,5760	0,360
23,6010	0,355
23,6260	0,350
23,6510	0,342
23,6760	0,336
23,7010	0,330
23,7259	0,325
23,7509	0,319
23,7759	0,313
23,8009	0,306
23,8259	0,300
23,8509	0,294
23,8758	0,289
23,9008	0,283
23,9258	0,277
23,9508	0,272
23,9758	0,267
24,0008	0,262
24,0257	0,257
24,0507	0,253
24,0757	0,249
24,1007	0,245
24,1257	0,241
24,1507	0,238
24,1757	0,235
24,2007	0,233
24,2257	0,231
24,2507	0,230
24,2757	0,229
24,3007	0,228
24,3257	0,228
24,3507	0,228
24,3757	0,228
24,4007	0,229
24,4257	0,231
24,4507	0,233
24,4757	0,235
24,5007	0,237
24,5257	0,240
24,5507	0,244
24,5757	0,247
24,6007	0,251
24,6257	0,255
24,6508	0,260
24,6758	0,265
24,7008	0,270
24,7258	0,275
24,7508	0,280
24,7758	0,286
24,8008	0,291
24,8259	0,297
24,8509	0,303
24,8759	0,308
24,9009	0,314
24,9259	0,320
24,9509	0,326
24,9760	0,331
25,0010	0,337
25,0260	0,342
25,0510	0,349
25,0760	0,354
25,1010	0,359
25,1261	0,363
25,1511	0,367
25,1761	0,371
25,2011	0,375
25,2261	0,378
25,2511	0,381
25,2761	0,383
25,3011	0,385
25,3261	0,387
25,3511	0,388
25,3761	0,389
25,4011	0,390
25,4261	0,390
25,4511	0,389
25,4761	0,389
25,5011	0,388
25,5261	0,386
25,5511	0,384
25,5761	0,382
25,6011	0,379
25,6261	0,376
25,6511	0,373
25,6761	0,369
25,7011	0,365
25,7261	0,361
25,7510	0,357
25,7760	0,352
25,8010	0,347
25,8260	0,340
25,8510	0,335
25,8760	0,329
25,9009	0,324
25,9259	0,318
25,9509	0,313
25,9759	0,307
26,0009	0,302
26,0259	0,296
26,0508	0,291
26,0758	0,286
26,1008	0,281
26,1258	0,276
26,1508	0,271
26,1758	0,266
26,2008	0,262
26,2257	0,258
26,2507	0,254
26,2757	0,251
26,3007	0,247
26,3257	0,245
26,3507	0,242
26,3757	0,240
26,4007	0,238
26,4257	0,237
26,4507	0,236
26,4757	0,235
26,5007	0,235
26,5257	0,235
26,5507	0,236
26,5757	0,237
26,6007	0,238
26,6257	0,240
26,6507	0,242
26,6757	0,245
26,7007	0,247
26,7257	0,250
26,7507	0,254
26,7757	0,257
26,8008	0,261
26,8258	0,266
26,8508	0,270
26,8758	0,275
26,9008	0,280
26,9258	0,285
26,9508	0,290
26,9759	0,295
27,0009	0,300
27,0259	0,305
27,0509	0,311
27,0759	0,316
27,1009	0,321
27,1259	0,326
27,1510	0,332
27,1760	0,337
27,2010	0,342
27,2260	0,347
27,2510	0,353
27,2760	0,357
27,3010	0,361
27,3261	0,365
27,3511	0,368
27,3761	0,372
27,4011	0,374
27,4261	0,377
27,4511	0,379
27,4761	0,380
27,5011	0,382
27,5261	0,383
27,5511	0,384
27,5761	0,384
27,6011	0,384
27,6261	0,383
27,6511	0,382
27,6761	0,381
27,7011	0,379
27,7261	0,377
27,7511	0,375
27,7761	0,373
27,8011	0,370
27,8261	0,366
27,8511	0,363
27,8760	0,359
27,9010	0,354
27,9260	0,350
27,9510	0,345
27,9760	0,339
28,0010	0,334
28,0260	0,329
28,0509	0,324
28,0759	0,318
28,1009	0,313
28,1259	0,308
28,1509	0,303
28,1759	0,298
28,2008	0,292
28,2258	0,287
28,2508	0,283
28,2758	0,278
28,3008	0,273
28,3258	0,269
28,3508	0,265
28,3758	0,261
28,4007	0,257
28,4257	0,254
28,4507	0,251
28,4757	0,248
28,5007	0,246
28,5257	0,244
28,5507	0,242
28,5757	0,241
28,6007	0,240
28,6257	0,239
28,6507	0,239
28,6757	0,239
28,7007	0,239
28,7257	0,240
28,7507	0,241
28,7757	0,243
28,8007	0,245
28,8257	0,248
28,8507	0,250
28,8757	0,253
28,9007	0,256
28,9258	0,260
28,9508	0,264
28,9758	0,268
29,0008	0,272
29,0258	0,276
29,0508	0,281
29,0758	0,286
29,1008	0,291
29,1259	0,296
29,1509	0,301
29,1759	0,306
29,2009	0,311
29,2259	0,316
29,2509	0,322
29,2759	0,327
29,3010	0,332
29,3260	0,337
29,3510	0,342
29,3760	0,348
29,4010	0,353
29,4260	0,357
29,4510	0,361
29,4761	0,365
29,5011	0,368
29,5261	0,371
29,5511	0,374
29,5761	0,376
29,6011	0,378
29,6261	0,380
29,6511	0,381
29,6761	0,382
29,7011	0,383
29,7261	0,383
29,7511	0,383
29,7761	0,383
29,8011	0,382
29,8261	0,380
29,8511	0,379
29,8761	0,377
29,9011	0,374
29,9261	0,372
29,9511	0,369
29,9761	0,365
30,0011	0,362
30,0260	0,358
30,0510	0,354
30,0760	0,349
30,1010	0,344
30,1260	0,338
30,1510	0,333
30,1760	0,328
30,2009	0,322
30,2259	0,317
30,2509	0,312
30,2759	0,307
30,3009	0,302
30,3259	0,296
30,3508	0,291
30,3758	0,286
30,4008	0,281
30,4258	0,277
30,4508	0,272
30,4758	0,268
30,5008	0,263
30,5258	0,259
30,5507	0,256
30,5757	0,252
30,6007	0,249
30,6257	0,246
30,6507	0,244
30,6757	0,242
30,7007	0,240
30,7257	0,238
30,7507	0,237
30,7757	0,237
30,8007	0,236
30,8257	0,237
30,8507	0,237
30,8757	0,238
30,9007	0,239
30,9257	0,241
30,9507	0,243
30,9757	0,245
31,0007	0,248
31,0257	0,251
31,0507	0,254
31,0757	0,258
31,1008	0,262
31,1258	0,266
31,1508	0,270
31,1758	0,275
31,2008	0,280
31,2258	0,285
31,2508	0,290
31,2759	0,295
31,3009	0,300
31,3259	0,306
31,3509	0,311
31,3759	0,316
31,4009	0,322
31,4260	0,327
31,4510	0,333
31,4760	0,338
31,5010	0,345
31,5260	0,350
31,5510	0,354
31,5760	0,359
31,6011	0,364
31,6261	0,367
31,6511	0,371
31,6761	0,374
31,7011	0,377
31,7261	0,380
31,7511	0,382
31,7761	0,384
31,8011	0,385
31,8261	0,387
31,8511	0,387
31,8761	0,388
31,9011	0,388
31,9261	0,387
31,9511	0,386
31,9761	0,385
32,0011	0,384
32,0261	0,382
32,0511	0,379
32,0761	0,377
32,1011	0,374
32,1261	0,370
32,1511	0,367
32,1761	0,363
32,2010	0,358
32,2260	0,354
32,2510	0,349
32,2760	0,342
32,3010	0,337
32,3260	0,331
32,3509	0,326
32,3759	0,320
32,4009	0,315
32,4259	0,309
32,4509	0,304
32,4759	0,298
32,5009	0,293
32,5258	0,287
32,5508	0,282
32,5758	0,277
32,6008	0,272
32,6258	0,267
32,6508	0,262
32,6757	0,258
32,7007	0,254
32,7257	0,250
32,7507	0,246
32,7757	0,243
32,8007	0,240
32,8257	0,237
32,8507	0,235
32,8757	0,233
32,9007	0,232
32,9257	0,231
32,9507	0,230
32,9757	0,230
33,0007	0,230
33,0257	0,231
33,0507	0,232
33,0757	0,233
33,1007	0,235
33,1257	0,237
33,1507	0,240
33,1757	0,243
33,2007	0,246
33,2257	0,250
33,2507	0,254
33,2757	0,258
33,3008	0,262
33,3258	0,267
33,3508	0,272
33,3758	0,278
33,4008	0,283
33,4258	0,288
33,4509	0,294
33,4759	0,300
33,5009	0,306
33,5259	0,311
33,5509	0,317
33,5759	0,323
33,6010	0,329
33,6260	0,335
33,6510	0,342
33,6760	0,348
33,7010	0,353
33,7260	0,358
33,7511	0,363
33,7761	0,368
33,8011	0,372
33,8261	0,376
33,8511	0,380
33,8761	0,383
33,9011	0,386
33,9261	0,388
33,9511	0,390
33,9761	0,392
34,0011	0,393
34,0261	0,394
34,0511	0,395
34,0761	0,395
34,1011	0,394
34,1261	0,394
34,1511	0,393
34,1761	0,391
34,2011	0,389
34,2261	0,386
34,2511	0,384
34,2761	0,381
34,3011	0,377
34,3261	0,373
34,3511	0,369
34,3761	0,364
34,4010	0,359
34,4260	0,354
34,4510	0,349
34,4760	0,342
34,5010	0,336
34,5260	0,330
34,5509	0,324
34,5759	0,318
34,6009	0,312
34,6259	0,306
34,6509	0,300
34,6759	0,294
34,7008	0,288
34,7258	0,282
34,7508	0,277
34,7758	0,271
34,8008	0,266
34,8258	0,260
34,8507	0,256
34,8757	0,251
34,9007	0,246
34,9257	0,243
34,9507	0,239
34,9757	0,235
35,0007	0,232
35,0257	0,230
35,0507	0,228
35,0757	0,226
35,1007	0,224
35,1256	0,224
35,1506	0,223
35,1756	0,223
35,2006	0,223
35,2257	0,224
35,2507	0,225
35,2757	0,227
35,3007	0,229
35,3257	0,232
35,3507	0,235
35,3757	0,238
35,4007	0,242
35,4257	0,246
35,4507	0,250
35,4757	0,255
35,5008	0,260
35,5258	0,265
35,5508	0,270
35,5758	0,276
35,6008	0,282
35,6258	0,288
35,6509	0,294
35,6759	0,300
35,7009	0,306
35,7259	0,312
35,7509	0,319
35,7759	0,325
35,8010	0,331
35,8260	0,337
35,8510	0,344
35,8760	0,351
35,9010	0,357
35,9261	0,362
35,9511	0,367
35,9761	0,372
36,0011	0,376
36,0261	0,380
36,0511	0,384
36,0761	0,388
36,1011	0,391
36,1261	0,393
36,1511	0,395
36,1762	0,397
36,2012	0,399
36,2262	0,400
36,2512	0,400
36,2762	0,400
36,3012	0,400
36,3262	0,399
36,3512	0,398
36,3762	0,396
36,4011	0,394
36,4261	0,391
36,4511	0,389
36,4761	0,385
36,5011	0,381
36,5261	0,377
36,5511	0,373
36,5761	0,368
36,6011	0,363
36,6260	0,358
36,6510	0,352
36,6760	0,344
36,7010	0,338
36,7260	0,332
36,7509	0,326
36,7759	0,319
36,8009	0,313
36,8259	0,307
36,8509	0,300
36,8759	0,294
36,9008	0,288
36,9258	0,282
36,9508	0,276
36,9758	0,270
37,0008	0,264
37,0258	0,259
37,0507	0,254
37,0757	0,249
37,1007	0,244
37,1257	0,240
37,1507	0,236
37,1757	0,233
37,2007	0,229
37,2257	0,227
37,2507	0,224
37,2756	0,222
37,3006	0,221
37,3256	0,220
37,3506	0,219
37,3756	0,219
37,4006	0,219
37,4256	0,220
37,4506	0,222
37,4756	0,223
37,5007	0,225
37,5257	0,228
37,5507	0,231
37,5757	0,234
37,6007	0,238
37,6257	0,242
37,6507	0,246
37,6757	0,251
37,7007	0,256
37,7258	0,261
37,7508	0,267
37,7758	0,273
37,8008	0,279
37,8258	0,285
37,8508	0,291
37,8759	0,297
37,9009	0,304
37,9259	0,310
37,9509	0,316
37,9759	0,323
38,0010	0,329
38,0260	0,336
38,0510	0,342
38,0760	0,350
38,1010	0,355
38,1260	0,361
38,1511	0,366
38,1761	0,371
38,2011	0,376
38,2261	0,380
38,2511	0,384
38,2761	0,388
38,3011	0,391
38,3261	0,394
38,3512	0,396
38,3762	0,398
38,4012	0,400
38,4262	0,401
38,4512	0,401
38,4762	0,402
38,5012	0,401
38,5262	0,401
38,5512	0,400
38,5762	0,398
38,6012	0,396
38,6261	0,393
38,6511	0,391
38,6761	0,388
38,7011	0,384
38,7261	0,380
38,7511	0,376
38,7761	0,371
38,8011	0,366
38,8260	0,361
38,8510	0,355
38,8760	0,349
38,9010	0,341
38,9260	0,335
38,9510	0,329
38,9759	0,322
39,0009	0,316
39,0259	0,310
39,0509	0,303
39,0759	0,297
39,1008	0,291
39,1258	0,285
39,1508	0,279
39,1758	0,273
39,2008	0,267
39,2258	0,262
39,2507	0,256
39,2757	0,251
39,3007	0,247
39,3257	0,242
39,3507	0,238
39,3757	0,235
39,4007	0,231
39,4257	0,229
39,4507	0,226
39,4757	0,224
39,5006	0,222
39,5256	0,221
39,5506	0,221
39,5756	0,220
39,6006	0,220
39,6256	0,221
39,6506	0,222
39,6756	0,224
39,7007	0,225
39,7257	0,228
39,7507	0,231
39,7757	0,234
39,8007	0,237
39,8257	0,241
39,8507	0,246
39,8757	0,250
39,9007	0,255
39,9258	0,260
39,9508	0,265
39,9758	0,271
40,0008	0,277
40,0258	0,283
40,0508	0,289
40,0759	0,295
40,1009	0,301
40,1259	0,307
40,1509	0,314
40,1759	0,320
40,2009	0,326
40,2260	0,332
40,2510	0,338
40,2760	0,345
40,3010	0,352
40,3260	0,357
40,3511	0,363
40,3761	0,368
40,4011	0,372
40,4261	0,377
40,4511	0,381
40,4761	0,384
40,5011	0,387
40,5261	0,390
40,5511	0,393
40,5761	0,395
40,6012	0,396
40,6262	0,397
40,6512	0,398
40,6762	0,398
40,7012	0,398
40,7262	0,398
40,7512	0,397
40,7761	0,395
40,8011	0,393
40,8261	0,391
40,8511	0,389
40,8761	0,386
40,9011	0,382
40,9261	0,378
40,9511	0,374
40,9761	0,370
41,0011	0,365
41,0260	0,360
41,0510	0,355
41,0760	0,349
41,1010	0,342
41,1260	0,336
