Position, Messreihe #1
Zeit ( s )	Position ( m )
9,4450E-4	0,325
0,0259	0,325
0,0509	0,325
0,0759	0,325
0,1009	0,325
0,1259	0,325
0,1509	0,325
0,1759	0,325
0,2009	0,325
0,2259	0,325
0,2509	0,324
0,2759	0,324
0,3009	0,324
0,3259	0,324
0,3509	0,324
0,3759	0,324
0,4009	0,324
0,4259	0,324
0,4509	0,323
0,4759	0,323
0,5009	0,323
0,5259	0,323
0,5509	0,322
0,5759	0,322
0,6009	0,322
0,6259	0,322
0,6509	0,322
0,6759	0,321
0,7009	0,321
0,7259	0,321
0,7509	0,320
0,7759	0,320
0,8009	0,319
0,8259	0,319
0,8509	0,319
0,8759	0,318
0,9009	0,318
0,9259	0,317
0,9509	0,316
0,9759	0,316
1,0009	0,315
1,0259	0,314
1,0509	0,314
1,0759	0,313
1,1009	0,312
1,1259	0,311
1,1509	0,310
1,1759	0,309
1,2009	0,308
1,2259	0,307
1,2509	0,306
1,2759	0,305
1,3009	0,304
1,3259	0,303
1,3509	0,302
1,3759	0,301
1,4009	0,299
1,4259	0,298
1,4509	0,297
1,4759	0,296
1,5009	0,295
1,5259	0,294
1,5509	0,293
1,5758	0,291
1,6008	0,290
1,6258	0,289
1,6508	0,288
1,6758	0,287
1,7008	0,286
1,7258	0,286
1,7508	0,285
1,7758	0,284
1,8008	0,283
1,8258	0,283
1,8508	0,282
1,8758	0,282
1,9008	0,282
1,9258	0,281
1,9508	0,281
1,9758	0,281
2,0008	0,282
2,0258	0,282
2,0508	0,282
2,0758	0,283
2,1008	0,283
2,1258	0,284
2,1508	0,285
2,1758	0,286
2,2008	0,287
2,2258	0,288
2,2508	0,289
2,2758	0,291
2,3009	0,293
2,3259	0,294
2,3509	0,296
2,3759	0,298
2,4009	0,300
2,4259	0,302
2,4509	0,304
2,4759	0,306
2,5009	0,308
2,5259	0,311
2,5509	0,313
2,5759	0,315
2,6009	0,318
2,6259	0,320
2,6509	0,322
2,6759	0,325
2,7010	0,327
2,7260	0,330
2,7510	0,332
2,7760	0,335
2,8010	0,337
2,8260	0,339
2,8510	0,341
2,8760	0,343
2,9010	0,345
2,9260	0,347
2,9510	0,350
2,9760	0,352
3,0010	0,353
3,0260	0,354
3,0510	0,355
3,0760	0,356
3,1010	0,356
3,1260	0,357
3,1510	0,357
3,1760	0,357
3,2010	0,357
3,2260	0,357
3,2510	0,356
3,2760	0,355
3,3010	0,354
3,3260	0,353
3,3510	0,352
3,3760	0,350
3,4010	0,348
3,4260	0,346
3,4510	0,343
3,4760	0,340
3,5010	0,337
3,5260	0,335
3,5510	0,332
3,5760	0,329
3,6009	0,326
3,6259	0,323
3,6509	0,320
3,6759	0,316
3,7009	0,313
3,7259	0,309
3,7509	0,306
3,7759	0,302
3,8009	0,299
3,8259	0,295
3,8508	0,292
3,8758	0,288
3,9008	0,285
3,9258	0,281
3,9508	0,278
3,9758	0,275
4,0008	0,272
4,0258	0,269
4,0508	0,266
4,0758	0,263
4,1008	0,261
4,1258	0,259
4,1507	0,256
4,1757	0,255
4,2007	0,253
4,2257	0,251
4,2507	0,250
4,2757	0,249
4,3007	0,249
4,3257	0,248
4,3507	0,248
4,3757	0,248
4,4007	0,249
4,4257	0,250
4,4507	0,250
4,4757	0,252
4,5007	0,253
4,5257	0,255
4,5507	0,257
4,5758	0,259
4,6008	0,262
4,6258	0,265
4,6508	0,268
4,6758	0,271
4,7008	0,274
4,7258	0,278
4,7508	0,282
4,7758	0,286
4,8008	0,290
4,8259	0,294
4,8509	0,298
4,8759	0,303
4,9009	0,307
4,9259	0,312
4,9509	0,316
4,9759	0,321
5,0009	0,326
5,0260	0,330
5,0510	0,335
5,0760	0,339
5,1010	0,344
5,1260	0,348
5,1510	0,354
5,1760	0,358
5,2011	0,362
5,2261	0,365
5,2511	0,369
5,2761	0,372
5,3011	0,375
5,3261	0,377
5,3511	0,380
5,3761	0,382
5,4011	0,383
5,4261	0,385
5,4511	0,386
5,4761	0,386
5,5011	0,387
5,5261	0,387
5,5511	0,387
5,5761	0,386
5,6011	0,385
5,6261	0,384
5,6511	0,382
5,6761	0,380
5,7011	0,378
5,7261	0,376
5,7511	0,373
5,7761	0,369
5,8011	0,366
5,8261	0,362
5,8510	0,358
5,8760	0,354
5,9010	0,350
5,9260	0,343
5,9510	0,338
5,9760	0,333
6,0010	0,328
6,0259	0,323
6,0509	0,317
6,0759	0,312
6,1009	0,307
6,1259	0,301
6,1509	0,296
6,1758	0,290
6,2008	0,285
6,2258	0,280
6,2508	0,275
6,2758	0,270
6,3008	0,265
6,3258	0,260
6,3507	0,256
6,3757	0,251
6,4007	0,247
6,4257	0,243
6,4507	0,240
6,4757	0,237
6,5007	0,234
6,5257	0,231
6,5507	0,229
6,5757	0,227
6,6007	0,226
6,6257	0,225
6,6507	0,224
6,6756	0,223
6,7006	0,223
6,7257	0,224
6,7507	0,225
6,7757	0,226
6,8007	0,228
6,8257	0,229
6,8507	0,232
6,8757	0,234
6,9007	0,237
6,9257	0,241
6,9507	0,245
6,9757	0,249
7,0007	0,253
7,0257	0,257
7,0508	0,262
7,0758	0,267
7,1008	0,273
7,1258	0,278
7,1508	0,284
7,1758	0,289
7,2009	0,295
7,2259	0,301
7,2509	0,307
7,2759	0,313
7,3009	0,320
7,3259	0,326
7,3510	0,332
7,3760	0,338
7,4010	0,344
7,4260	0,351
7,4510	0,357
7,4761	0,362
7,5011	0,368
7,5261	0,372
7,5511	0,377
7,5761	0,382
7,6011	0,386
7,6261	0,389
7,6511	0,393
7,6762	0,396
7,7012	0,398
7,7262	0,400
7,7512	0,402
7,7762	0,404
7,8012	0,405
7,8262	0,405
7,8512	0,405
7,8762	0,405
7,9012	0,405
7,9262	0,404
7,9512	0,402
7,9762	0,400
8,0012	0,398
8,0262	0,396
8,0511	0,393
8,0761	0,389
8,1011	0,385
8,1261	0,381
8,1511	0,377
8,1761	0,372
8,2011	0,367
8,2261	0,362
8,2510	0,356
8,2760	0,350
8,3010	0,343
8,3260	0,336
8,3510	0,330
8,3759	0,323
8,4009	0,316
8,4259	0,310
8,4509	0,303
8,4759	0,297
8,5008	0,291
8,5258	0,284
8,5508	0,278
8,5758	0,272
8,6008	0,266
8,6258	0,260
8,6507	0,255
8,6757	0,249
8,7007	0,244
8,7257	0,239
8,7507	0,235
8,7757	0,231
8,8007	0,227
8,8257	0,224
8,8506	0,221
8,8756	0,218
8,9006	0,216
8,9256	0,214
8,9506	0,212
8,9756	0,212
9,0006	0,211
9,0256	0,211
9,0506	0,212
9,0756	0,212
9,1006	0,214
9,1256	0,215
9,1506	0,218
9,1756	0,220
9,2006	0,223
9,2257	0,227
9,2507	0,230
9,2757	0,234
9,3007	0,239
9,3257	0,244
9,3507	0,249
9,3757	0,254
9,4008	0,260
9,4258	0,266
9,4508	0,272
9,4758	0,278
9,5008	0,284
9,5258	0,291
9,5509	0,297
9,5759	0,304
9,6009	0,311
9,6259	0,317
9,6509	0,324
9,6760	0,331
9,7010	0,337
9,7260	0,344
9,7510	0,352
9,7760	0,358
9,8011	0,364
9,8261	0,370
9,8511	0,375
9,8761	0,380
9,9011	0,385
9,9261	0,389
9,9511	0,393
9,9762	0,397
10,0012	0,400
10,0262	0,403
10,0512	0,405
10,0762	0,407
10,1012	0,409
10,1262	0,410
10,1512	0,411
10,1762	0,411
10,2012	0,411
10,2262	0,410
10,2512	0,409
10,2762	0,407
10,3012	0,405
10,3262	0,403
10,3512	0,400
10,3762	0,397
10,4011	0,394
10,4261	0,390
10,4511	0,386
10,4761	0,381
10,5011	0,376
10,5261	0,371
10,5511	0,365
10,5760	0,359
10,6010	0,353
10,6260	0,346
10,6510	0,339
10,6760	0,332
10,7009	0,326
10,7259	0,319
10,7509	0,313
10,7759	0,306
10,8009	0,299
10,8259	0,293
10,8508	0,287
10,8758	0,280
10,9008	0,274
10,9258	0,268
10,9508	0,262
10,9757	0,257
11,0007	0,251
11,0257	0,246
11,0507	0,241
11,0757	0,237
11,1007	0,233
11,1257	0,229
11,1507	0,225
11,1756	0,223
11,2006	0,220
11,2256	0,218
11,2506	0,216
11,2756	0,214
11,3006	0,214
11,3256	0,213
11,3506	0,213
11,3756	0,213
11,4006	0,214
11,4256	0,216
11,4506	0,217
11,4756	0,219
11,5006	0,222
11,5257	0,225
11,5507	0,228
11,5757	0,232
11,6007	0,235
11,6257	0,240
11,6507	0,244
11,6757	0,249
11,7007	0,254
11,7258	0,260
11,7508	0,265
11,7758	0,271
11,8008	0,277
11,8258	0,283
11,8508	0,289
11,8759	0,295
11,9009	0,302
11,9259	0,308
11,9509	0,314
11,9759	0,321
12,0010	0,327
12,0260	0,333
12,0510	0,339
12,0760	0,347
12,1010	0,353
12,1260	0,358
12,1511	0,364
12,1761	0,369
12,2011	0,373
12,2261	0,378
12,2511	0,382
12,2761	0,385
12,3011	0,389
12,3261	0,392
12,3511	0,394
12,3762	0,397
12,4012	0,399
12,4262	0,400
12,4512	0,401
12,4762	0,402
12,5012	0,402
12,5262	0,402
12,5512	0,401
12,5762	0,400
12,6012	0,399
12,6262	0,397
12,6511	0,395
12,6761	0,393
12,7011	0,390
12,7261	0,387
12,7511	0,383
12,7761	0,380
12,8011	0,375
12,8261	0,371
12,8511	0,366
12,8761	0,361
12,9010	0,356
12,9260	0,349
12,9510	0,344
12,9760	0,338
13,0010	0,332
13,0259	0,326
13,0509	0,321
13,0759	0,315
13,1009	0,309
13,1259	0,304
13,1509	0,298
13,1758	0,292
13,2008	0,287
13,2258	0,281
13,2508	0,276
13,2758	0,271
13,3008	0,266
13,3258	0,262
13,3507	0,257
13,3757	0,253
13,4007	0,249
13,4257	0,246
13,4507	0,243
13,4757	0,240
13,5007	0,237
13,5257	0,235
13,5507	0,233
13,5757	0,231
13,6007	0,230
13,6257	0,229
13,6507	0,229
13,6757	0,229
13,7007	0,229
13,7257	0,230
13,7507	0,231
13,7757	0,232
13,8007	0,234
13,8257	0,236
13,8507	0,238
13,8757	0,241
13,9007	0,244
13,9257	0,247
13,9507	0,250
13,9757	0,254
14,0007	0,258
14,0258	0,262
14,0508	0,266
14,0758	0,271
14,1008	0,275
14,1258	0,280
14,1508	0,285
14,1758	0,290
14,2009	0,295
14,2259	0,300
14,2509	0,305
14,2759	0,310
14,3009	0,315
14,3259	0,320
14,3509	0,325
14,3760	0,330
14,4010	0,334
14,4260	0,339
14,4510	0,343
14,4760	0,349
14,5010	0,353
14,5260	0,357
14,5510	0,361
14,5761	0,364
14,6011	0,367
14,6261	0,369
14,6511	0,372
14,6761	0,374
14,7011	0,376
14,7261	0,378
14,7511	0,379
14,7761	0,380
14,8011	0,380
14,8261	0,381
14,8511	0,381
14,8761	0,380
14,9011	0,380
14,9261	0,379
14,9511	0,378
14,9761	0,376
15,0011	0,374
15,0261	0,372
15,0511	0,370
15,0761	0,367
15,1011	0,364
15,1261	0,362
15,1510	0,358
15,1760	0,355
15,2010	0,351
15,2260	0,346
15,2510	0,342
15,2760	0,338
15,3010	0,334
15,3260	0,330
15,3509	0,326
15,3759	0,322
15,4009	0,318
15,4259	0,314
15,4509	0,309
15,4759	0,305
15,5009	0,302
15,5259	0,298
15,5509	0,294
15,5758	0,290
15,6008	0,287
15,6258	0,283
15,6508	0,280
15,6758	0,277
15,7008	0,274
15,7258	0,271
15,7508	0,268
15,7758	0,266
15,8008	0,264
15,8258	0,262
15,8508	0,261
15,8758	0,259
15,9008	0,258
15,9257	0,257
15,9507	0,256
15,9757	0,256
16,0007	0,256
16,0257	0,256
16,0507	0,256
16,0757	0,256
16,1007	0,257
16,1258	0,258
16,1508	0,259
16,1758	0,261
16,2008	0,262
16,2258	0,264
16,2508	0,266
16,2758	0,268
16,3008	0,270
16,3258	0,273
16,3508	0,275
16,3758	0,278
16,4008	0,281
16,4258	0,283
16,4508	0,286
16,4758	0,289
16,5008	0,292
16,5259	0,295
16,5509	0,298
16,5759	0,301
16,6009	0,304
16,6259	0,307
16,6509	0,310
16,6759	0,313
16,7009	0,316
16,7259	0,319
16,7509	0,321
16,7759	0,324
16,8009	0,327
16,8260	0,329
16,8510	0,331
16,8760	0,334
16,9010	0,336
16,9260	0,337
16,9510	0,339
16,9760	0,341
17,0010	0,342
17,0260	0,344
17,0510	0,346
17,0760	0,347
17,1010	0,348
17,1260	0,349
17,1510	0,349
17,1760	0,349
17,2010	0,349
17,2260	0,349
17,2510	0,349
17,2760	0,348
17,3010	0,348
17,3260	0,347
17,3510	0,345
17,3760	0,343
17,4010	0,342
17,4260	0,341
17,4510	0,340
17,4760	0,338
17,5010	0,337
17,5260	0,335
17,5510	0,334
17,5760	0,332
17,6010	0,330
17,6260	0,328
17,6509	0,326
17,6759	0,324
17,7009	0,322
17,7259	0,321
17,7509	0,319
17,7759	0,317
17,8009	0,315
17,8259	0,313
17,8509	0,311
17,8759	0,310
17,9009	0,308
17,9259	0,306
17,9509	0,305
17,9759	0,303
18,0009	0,302
18,0259	0,300
18,0509	0,299
18,0759	0,298
18,1009	0,297
18,1259	0,295
18,1509	0,294
18,1759	0,294
18,2009	0,293
18,2258	0,292
18,2508	0,291
18,2758	0,291
18,3008	0,290
18,3258	0,290
18,3508	0,290
18,3758	0,289
18,4008	0,289
18,4258	0,289
18,4508	0,289
18,4758	0,289
18,5008	0,289
18,5258	0,289
18,5508	0,290
18,5758	0,290
18,6008	0,290
18,6258	0,291
18,6508	0,291
18,6758	0,292
18,7008	0,292
18,7259	0,293
18,7509	0,293
18,7759	0,294
18,8009	0,294
18,8259	0,295
18,8509	0,296
18,8759	0,296
18,9009	0,297
18,9259	0,298
18,9509	0,298
18,9759	0,299
19,0009	0,299
19,0259	0,300
19,0509	0,301
19,0759	0,302
19,1009	0,302
19,1259	0,303
19,1509	0,303
19,1759	0,304
19,2009	0,304
19,2259	0,305
19,2509	0,305
19,2759	0,306
19,3009	0,307
19,3259	0,307
19,3509	0,308
19,3759	0,308
19,4009	0,309
19,4259	0,309
19,4509	0,310
19,4759	0,310
19,5009	0,311
19,5259	0,311
19,5509	0,312
19,5759	0,312
19,6009	0,313
19,6259	0,313
19,6509	0,314
19,6759	0,315
19,7009	0,315
19,7259	0,316
19,7509	0,316
19,7759	0,317
19,8009	0,317
19,8259	0,318
19,8509	0,319
19,8759	0,319
19,9009	0,320
19,9259	0,320
19,9509	0,321
19,9759	0,322
20,0009	0,322
20,0259	0,323
20,0509	0,324
20,0759	0,324
20,1009	0,325
20,1259	0,325
20,1509	0,326
20,1759	0,326
20,2009	0,327
20,2260	0,327
20,2510	0,328
20,2760	0,328
20,3010	0,328
20,3260	0,329
20,3510	0,329
20,3760	0,329
20,4010	0,329
20,4260	0,329
20,4510	0,329
20,4760	0,329
20,5010	0,329
20,5260	0,329
20,5510	0,328
20,5760	0,328
20,6010	0,327
20,6260	0,327
20,6509	0,326
20,6759	0,325
20,7009	0,325
20,7259	0,324
20,7509	0,323
20,7759	0,322
20,8009	0,320
20,8259	0,319
20,8509	0,318
20,8759	0,316
20,9009	0,315
20,9259	0,314
20,9509	0,312
20,9759	0,310
21,0009	0,309
21,0259	0,307
21,0509	0,305
21,0759	0,303
21,1009	0,302
21,1259	0,300
21,1509	0,298
21,1759	0,296
21,2009	0,294
21,2259	0,293
21,2508	0,291
21,2758	0,289
21,3008	0,287
21,3258	0,286
21,3508	0,284
21,3758	0,283
21,4008	0,281
21,4258	0,280
21,4508	0,279
21,4758	0,277
21,5008	0,276
21,5258	0,276
21,5508	0,275
21,5758	0,274
21,6008	0,274
21,6258	0,273
21,6508	0,273
21,6758	0,273
21,7008	0,273
21,7258	0,273
21,7508	0,274
21,7758	0,274
21,8008	0,275
21,8258	0,276
21,8508	0,277
21,8758	0,278
21,9008	0,279
21,9258	0,281
21,9508	0,283
21,9758	0,284
22,0008	0,286
22,0258	0,288
22,0508	0,291
22,0759	0,293
22,1009	0,295
22,1259	0,298
22,1509	0,301
22,1759	0,303
22,2009	0,306
22,2259	0,309
22,2509	0,312
22,2759	0,315
22,3009	0,318
22,3259	0,321
22,3509	0,324
22,3759	0,327
22,4010	0,330
22,4260	0,333
22,4510	0,336
22,4760	0,338
22,5010	0,341
22,5260	0,344
22,5510	0,346
22,5760	0,349
22,6010	0,352
22,6260	0,354
22,6510	0,357
22,6760	0,358
22,7010	0,360
22,7260	0,361
22,7511	0,362
22,7761	0,363
22,8011	0,364
22,8261	0,364
22,8511	0,364
22,8761	0,364
22,9011	0,364
22,9261	0,364
22,9511	0,363
22,9761	0,362
23,0010	0,361
23,0260	0,359
23,0510	0,358
23,0760	0,356
23,1010	0,353
23,1260	0,351
23,1510	0,348
23,1760	0,346
23,2010	0,341
23,2260	0,338
23,2510	0,335
23,2760	0,331
23,3010	0,327
23,3259	0,324
23,3509	0,320
23,3759	0,316
23,4009	0,312
23,4259	0,308
23,4509	0,304
23,4759	0,300
23,5009	0,297
23,5259	0,293
23,5508	0,289
23,5758	0,285
23,6008	0,281
23,6258	0,277
23,6508	0,274
23,6758	0,270
23,7008	0,267
23,7258	0,264
23,7508	0,261
23,7757	0,258
23,8007	0,255
23,8257	0,253
23,8507	0,251
23,8757	0,249
23,9007	0,247
23,9257	0,246
23,9507	0,245
23,9757	0,244
24,0007	0,243
24,0257	0,243
24,0507	0,243
24,0757	0,243
24,1007	0,244
24,1257	0,245
24,1507	0,246
24,1757	0,248
24,2007	0,250
24,2257	0,252
24,2507	0,254
24,2757	0,257
24,3008	0,260
24,3258	0,263
24,3508	0,266
24,3758	0,270
24,4008	0,274
24,4258	0,278
24,4508	0,282
24,4758	0,286
24,5008	0,291
24,5259	0,295
24,5509	0,300
24,5759	0,305
24,6009	0,310
24,6259	0,315
24,6509	0,319
24,6759	0,324
24,7010	0,329
24,7260	0,334
24,7510	0,339
24,7760	0,344
24,8010	0,350
24,8260	0,354
24,8510	0,359
24,8761	0,363
24,9011	0,367
24,9261	0,370
24,9511	0,374
24,9761	0,377
25,0011	0,379
25,0261	0,382
25,0511	0,384
25,0761	0,386
25,1011	0,387
25,1261	0,389
25,1511	0,389
25,1761	0,390
25,2011	0,390
25,2261	0,390
25,2511	0,389
25,2761	0,389
25,3011	0,387
25,3261	0,386
25,3511	0,384
25,3761	0,382
25,4011	0,379
25,4261	0,376
25,4511	0,373
25,4761	0,369
25,5011	0,365
25,5261	0,361
25,5510	0,357
25,5760	0,352
25,6010	0,348
25,6260	0,342
25,6510	0,336
25,6760	0,330
25,7009	0,325
25,7259	0,319
25,7509	0,314
25,7759	0,308
25,8009	0,303
25,8259	0,297
25,8508	0,292
25,8758	0,286
25,9008	0,281
25,9258	0,276
25,9508	0,270
25,9758	0,265
26,0008	0,261
26,0257	0,256
26,0507	0,252
26,0757	0,248
26,1007	0,244
26,1257	0,240
26,1507	0,237
26,1757	0,234
26,2007	0,231
26,2257	0,229
26,2507	0,227
26,2757	0,225
26,3007	0,224
26,3256	0,223
26,3506	0,223
26,3756	0,223
26,4006	0,223
26,4256	0,224
26,4507	0,225
26,4757	0,226
26,5007	0,228
26,5257	0,230
26,5507	0,233
26,5757	0,236
26,6007	0,240
26,6257	0,243
26,6507	0,247
26,6757	0,251
26,7007	0,256
26,7258	0,261
26,7508	0,266
26,7758	0,271
26,8008	0,277
26,8258	0,282
26,8508	0,288
26,8759	0,294
26,9009	0,300
26,9259	0,306
26,9509	0,312
26,9759	0,318
27,0009	0,324
27,0260	0,330
27,0510	0,336
27,0760	0,342
27,1010	0,350
27,1260	0,355
27,1510	0,361
27,1761	0,366
27,2011	0,371
27,2261	0,376
27,2511	0,380
27,2761	0,384
27,3011	0,388
27,3261	0,391
27,3511	0,394
27,3762	0,397
27,4012	0,399
27,4262	0,401
27,4512	0,402
27,4762	0,403
27,5012	0,404
27,5262	0,404
27,5512	0,404
27,5762	0,403
27,6012	0,402
27,6262	0,401
27,6512	0,399
27,6762	0,397
27,7011	0,395
27,7261	0,392
27,7511	0,389
27,7761	0,385
27,8011	0,381
27,8261	0,377
27,8511	0,372
27,8761	0,367
27,9011	0,361
27,9260	0,356
27,9510	0,350
27,9760	0,342
28,0010	0,336
28,0260	0,330
28,0509	0,324
28,0759	0,318
28,1009	0,311
28,1259	0,305
28,1509	0,299
28,1758	0,292
28,2008	0,286
28,2258	0,280
28,2508	0,274
28,2758	0,268
28,3008	0,263
28,3257	0,257
28,3507	0,252
28,3757	0,247
28,4007	0,243
28,4257	0,238
28,4507	0,234
28,4757	0,230
28,5007	0,227
28,5257	0,224
28,5506	0,222
28,5756	0,219
28,6006	0,218
28,6256	0,216
28,6506	0,215
28,6756	0,215
28,7006	0,215
28,7256	0,215
28,7506	0,216
28,7756	0,217
28,8006	0,219
28,8256	0,221
28,8506	0,223
28,8757	0,226
28,9007	0,229
28,9257	0,233
28,9507	0,237
28,9757	0,241
29,0007	0,246
29,0257	0,251
29,0507	0,256
29,0758	0,261
29,1008	0,267
29,1258	0,272
29,1508	0,278
29,1758	0,284
29,2008	0,291
29,2259	0,297
29,2509	0,303
29,2759	0,309
29,3009	0,316
29,3259	0,322
29,3510	0,329
29,3760	0,335
29,4010	0,341
29,4260	0,349
29,4510	0,355
29,4760	0,361
29,5011	0,366
29,5261	0,371
29,5511	0,376
29,5761	0,380
29,6011	0,384
29,6261	0,388
29,6511	0,392
29,6761	0,395
29,7012	0,397
29,7262	0,400
29,7512	0,402
29,7762	0,403
29,8012	0,404
29,8262	0,405
29,8512	0,405
29,8762	0,405
29,9012	0,404
29,9262	0,403
29,9512	0,402
29,9762	0,400
30,0012	0,398
30,0261	0,395
30,0511	0,393
30,0761	0,389
30,1011	0,386
30,1261	0,382
30,1511	0,377
30,1761	0,373
30,2011	0,368
30,2261	0,363
30,2510	0,357
30,2760	0,352
30,3010	0,344
30,3260	0,338
30,3510	0,332
30,3759	0,326
30,4009	0,319
30,4259	0,313
30,4509	0,307
30,4759	0,301
30,5009	0,295
30,5258	0,289
30,5508	0,283
30,5758	0,277
30,6008	0,272
30,6258	0,266
30,6508	0,261
30,6757	0,256
30,7007	0,251
30,7257	0,247
30,7507	0,243
30,7757	0,239
30,8007	0,235
30,8257	0,232
30,8507	0,230
30,8757	0,227
30,9007	0,225
30,9256	0,223
30,9506	0,222
30,9756	0,221
31,0006	0,221
31,0256	0,221
31,0506	0,221
31,0756	0,222
31,1006	0,223
31,1257	0,224
31,1507	0,226
31,1757	0,229
31,2007	0,231
31,2257	0,234
31,2507	0,238
31,2757	0,241
31,3007	0,245
31,3257	0,249
31,3507	0,254
31,3758	0,258
31,4008	0,263
31,4258	0,268
31,4508	0,274
31,4758	0,279
31,5008	0,284
31,5258	0,290
31,5509	0,296
31,5759	0,302
31,6009	0,307
31,6259	0,313
31,6509	0,319
31,6759	0,324
31,7010	0,330
31,7260	0,335
31,7510	0,341
31,7760	0,348
31,8010	0,353
31,8260	0,358
31,8511	0,362
31,8761	0,367
31,9011	0,371
31,9261	0,374
31,9511	0,378
31,9761	0,381
32,0011	0,384
32,0261	0,386
32,0511	0,388
32,0761	0,390
32,1011	0,391
32,1261	0,392
32,1511	0,393
32,1761	0,393
32,2011	0,393
32,2261	0,392
32,2511	0,391
32,2761	0,390
32,3011	0,389
32,3261	0,387
32,3511	0,385
32,3761	0,382
32,4011	0,379
32,4261	0,376
32,4511	0,373
32,4761	0,369
32,5011	0,365
32,5260	0,361
32,5510	0,357
32,5760	0,352
32,6010	0,346
32,6260	0,341
32,6510	0,336
32,6760	0,331
32,7009	0,326
32,7259	0,320
32,7509	0,315
32,7759	0,310
32,8009	0,305
32,8259	0,300
32,8509	0,295
32,8758	0,291
32,9008	0,286
32,9258	0,281
32,9508	0,277
32,9758	0,272
33,0008	0,268
33,0258	0,265
33,0508	0,261
33,0757	0,257
33,1007	0,254
33,1257	0,251
33,1507	0,249
33,1757	0,247
33,2007	0,245
33,2257	0,243
33,2507	0,241
33,2757	0,240
33,3007	0,240
33,3257	0,239
33,3507	0,239
33,3757	0,239
33,4007	0,240
33,4257	0,241
33,4507	0,242
33,4757	0,243
33,5007	0,245
33,5257	0,247
33,5507	0,249
33,5757	0,252
33,6007	0,255
33,6257	0,257
33,6508	0,261
33,6758	0,264
33,7008	0,268
33,7258	0,271
33,7508	0,275
33,7758	0,279
33,8008	0,283
33,8258	0,287
33,8508	0,292
33,8759	0,296
33,9009	0,300
33,9259	0,304
33,9509	0,309
33,9759	0,313
34,0009	0,317
34,0259	0,321
34,0509	0,325
34,0760	0,329
34,1010	0,333
34,1260	0,337
34,1510	0,340
34,1760	0,344
34,2010	0,349
34,2260	0,352
34,2510	0,354
34,2760	0,357
34,3010	0,359
34,3261	0,362
34,3511	0,363
34,3761	0,365
34,4011	0,366
34,4261	0,367
34,4511	0,368
34,4761	0,369
34,5011	0,369
34,5261	0,369
34,5511	0,369
34,5761	0,368
34,6011	0,368
34,6261	0,367
34,6511	0,365
34,6761	0,364
34,7011	0,362
34,7260	0,361
34,7510	0,358
34,7760	0,356
34,8010	0,354
34,8260	0,351
34,8510	0,347
34,8760	0,344
34,9010	0,341
34,9260	0,338
34,9510	0,334
34,9760	0,331
35,0010	0,328
35,0259	0,324
35,0509	0,321
35,0759	0,318
35,1009	0,314
35,1259	0,311
35,1509	0,308
35,1759	0,305
35,2009	0,302
35,2259	0,298
35,2509	0,295
35,2759	0,293
35,3008	0,290
35,3258	0,287
35,3508	0,285
35,3758	0,282
35,4008	0,280
35,4258	0,278
35,4508	0,276
35,4758	0,275
35,5008	0,273
35,5258	0,272
35,5508	0,270
35,5758	0,269
35,6008	0,269
35,6258	0,268
35,6508	0,268
35,6758	0,267
35,7008	0,267
35,7258	0,267
35,7508	0,268
35,7758	0,268
35,8008	0,269
35,8258	0,270
35,8508	0,271
35,8758	0,272
35,9008	0,273
35,9258	0,275
35,9508	0,276
35,9758	0,278
36,0008	0,280
36,0258	0,282
36,0508	0,283
36,0758	0,286
36,1008	0,288
36,1258	0,290
36,1508	0,292
36,1759	0,294
36,2009	0,296
36,2259	0,298
36,2509	0,301
36,2759	0,303
36,3009	0,305
36,3259	0,307
36,3509	0,309
36,3759	0,312
36,4009	0,314
36,4259	0,316
36,4509	0,318
36,4759	0,319
36,5009	0,321
36,5259	0,323
36,5509	0,325
36,5759	0,326
36,6010	0,327
36,6260	0,329
36,6510	0,330
36,6760	0,331
36,7010	0,332
36,7260	0,333
36,7510	0,334
36,7760	0,334
36,8010	0,335
36,8260	0,335
36,8510	0,335
36,8760	0,335
36,9010	0,335
36,9260	0,335
36,9510	0,335
36,9760	0,335
37,0010	0,335
37,0260	0,334
37,0510	0,334
37,0760	0,333
37,1010	0,332
37,1260	0,331
37,1510	0,331
37,1760	0,330
37,2010	0,329
37,2260	0,328
37,2509	0,327
37,2759	0,326
37,3009	0,325
37,3259	0,324
37,3509	0,322
37,3759	0,321
37,4009	0,320
37,4259	0,319
37,4509	0,318
37,4759	0,317
37,5009	0,316
37,5259	0,315
37,5509	0,314
37,5759	0,313
37,6009	0,312
37,6259	0,311
37,6509	0,310
37,6759	0,309
37,7009	0,308
37,7259	0,308
37,7509	0,307
37,7759	0,306
37,8009	0,305
37,8259	0,305
37,8509	0,304
37,8759	0,304
37,9009	0,303
37,9259	0,302
37,9509	0,302
37,9759	0,302
38,0009	0,301
38,0259	0,301
38,0509	0,300
38,0759	0,300
38,1009	0,300
38,1259	0,299
38,1509	0,299
38,1759	0,299
38,2009	0,299
38,2259	0,299
38,2509	0,298
38,2759	0,298
38,3009	0,298
38,3259	0,298
38,3509	0,298
38,3759	0,298
38,4009	0,298
38,4259	0,298
38,4509	0,297
38,4759	0,297
38,5009	0,297
38,5259	0,297
38,5509	0,297
38,5759	0,297
38,6009	0,297
38,6259	0,297
38,6509	0,297
38,6759	0,297
38,7009	0,297
38,7259	0,297
38,7509	0,297
38,7759	0,297
38,8009	0,297
38,8259	0,297
38,8509	0,297
38,8759	0,297
38,9009	0,297
38,9259	0,297
38,9509	0,297
38,9759	0,297
39,0009	0,298
39,0259	0,298
39,0509	0,298
39,0759	0,299
39,1009	0,299
39,1259	0,299
39,1509	0,300
39,1759	0,300
39,2009	0,301
39,2259	0,302
39,2509	0,302
39,2759	0,303
39,3009	0,304
39,3259	0,305
39,3509	0,306
39,3759	0,307
39,4009	0,308
39,4259	0,309
39,4509	0,310
39,4759	0,311
39,5009	0,312
39,5259	0,313
39,5509	0,314
39,5759	0,316
39,6009	0,317
39,6259	0,318
39,6509	0,319
39,6759	0,321
39,7009	0,322
39,7259	0,323
39,7509	0,325
39,7759	0,326
39,8010	0,327
39,8260	0,328
39,8510	0,329
39,8760	0,330
39,9010	0,331
39,9260	0,332
39,9510	0,333
39,9760	0,334
40,0010	0,335
40,0260	0,336
40,0510	0,336
40,0760	0,337
40,1010	0,337
40,1260	0,337
40,1510	0,338
40,1760	0,338
40,2010	0,338
40,2260	0,337
40,2510	0,337
40,2760	0,337
40,3010	0,336
40,3260	0,336
40,3510	0,335
40,3760	0,334
40,4010	0,333
40,4260	0,332
40,4510	0,330
40,4760	0,329
40,5010	0,327
40,5259	0,326
40,5509	0,324
40,5759	0,322
40,6009	0,320
40,6259	0,318
40,6509	0,316
40,6759	0,314
40,7009	0,312
40,7259	0,309
40,7509	0,307
40,7759	0,305
40,8009	0,302
40,8259	0,300
40,8509	0,298
40,8759	0,295
40,9009	0,293
40,9258	0,290
40,9508	0,288
40,9758	0,286
41,0008	0,284
41,0258	0,282
41,0508	0,280
41,0758	0,278
41,1008	0,276
41,1258	0,274
41,1508	0,273
41,1758	0,271
41,2008	0,270
41,2258	0,269
41,2508	0,268
41,2758	0,267
41,3008	0,266
41,3258	0,266
41,3508	0,266
41,3758	0,266
41,4008	0,266
41,4258	0,266
41,4508	0,267
41,4758	0,267
41,5008	0,268
41,5258	0,269
41,5508	0,271
41,5758	0,272
41,6008	0,274
41,6258	0,276
41,6508	0,278
41,6758	0,280
41,7008	0,282
41,7258	0,285
41,7508	0,287
41,7758	0,290
41,8009	0,293
41,8259	0,296
41,8509	0,299
41,8759	0,303
41,9009	0,306
41,9259	0,309
41,9509	0,313
41,9759	0,316
42,0009	0,319
42,0259	0,323
42,0509	0,326
42,0760	0,330
42,1010	0,333
42,1260	0,336
42,1510	0,340
42,1760	0,343
42,2010	0,346
42,2260	0,351
42,2510	0,353
42,2760	0,356
42,3010	0,358
42,3260	0,361
42,3511	0,362
42,3761	0,364
42,4011	0,366
42,4261	0,367
42,4511	0,368
42,4761	0,369
42,5011	0,370
42,5261	0,370
42,5511	0,370
42,5761	0,370
42,6011	0,370
42,6261	0,369
42,6511	0,368
42,6761	0,367
42,7011	0,365
42,7261	0,363
42,7511	0,361
42,7760	0,359
42,8010	0,357
42,8260	0,354
42,8510	0,351
42,8760	0,348
42,9010	0,343
42,9260	0,339
42,9510	0,335
42,9760	0,331
43,0010	0,327
43,0259	0,323
43,0509	0,319
43,0759	0,315
43,1009	0,311
43,1259	0,306
43,1509	0,302
43,1759	0,298
43,2009	0,293
43,2258	0,289
43,2508	0,285
43,2758	0,281
43,3008	0,277
43,3258	0,273
43,3508	0,269
43,3758	0,266
43,4008	0,262
43,4258	0,259
43,4507	0,256
43,4757	0,253
43,5007	0,250
43,5257	0,248
43,5507	0,246
43,5757	0,244
43,6007	0,243
43,6257	0,241
43,6507	0,240
43,6757	0,240
43,7007	0,239
43,7257	0,239
43,7507	0,240
43,7757	0,240
43,8007	0,241
43,8257	0,242
43,8507	0,244
43,8757	0,246
43,9007	0,248
43,9257	0,250
43,9507	0,253
43,9757	0,256
44,0008	0,260
44,0258	0,263
44,0508	0,267
44,0758	0,271
44,1008	0,275
44,1258	0,279
44,1508	0,284
44,1758	0,288
44,2009	0,293
44,2259	0,298
44,2509	0,303
44,2759	0,308
44,3009	0,313
44,3259	0,318
44,3509	0,323
44,3760	0,328
44,4010	0,333
44,4260	0,338
44,4510	0,343
44,4760	0,350
44,5010	0,354
44,5260	0,359
44,5511	0,363
44,5761	0,367
44,6011	0,371
44,6261	0,374
44,6511	0,377
44,6761	0,380
44,7011	0,383
44,7261	0,385
44,7511	0,387
44,7761	0,389
44,8011	0,390
44,8261	0,391
44,8511	0,391
44,8761	0,392
44,9011	0,391
44,9261	0,391
44,9511	0,390
44,9761	0,389
45,0011	0,387
45,0261	0,385
45,0511	0,383
45,0761	0,381
45,1011	0,378
45,1261	0,375
45,1511	0,371
45,1761	0,367
45,2011	0,363
45,2260	0,358
45,2510	0,354
45,2760	0,349
45,3010	0,342
45,3260	0,337
45,3510	0,332
45,3759	0,326
45,4009	0,321
45,4259	0,315
45,4509	0,309
45,4759	0,304
45,5009	0,298
45,5259	0,293
45,5508	0,287
45,5758	0,282
45,6008	0,277
45,6258	0,271
45,6508	0,266
45,6758	0,262
45,7007	0,257
45,7257	0,252
45,7507	0,248
45,7757	0,244
45,8007	0,241
45,8257	0,237
45,8507	0,234
45,8757	0,232
45,9007	0,229
45,9257	0,227
45,9507	0,226
45,9757	0,225
46,0007	0,224
46,0256	0,223
46,0506	0,223
46,0756	0,224
46,1007	0,224
46,1257	0,225
46,1507	0,227
46,1757	0,229
46,2007	0,231
46,2257	0,234
46,2507	0,237
46,2757	0,240
46,3007	0,243
46,3257	0,247
46,3507	0,251
46,3757	0,256
46,4008	0,261
46,4258	0,266
46,4508	0,271
46,4758	0,276
46,5008	0,282
46,5258	0,287
46,5509	0,293
46,5759	0,299
46,6009	0,305
46,6259	0,311
46,6509	0,317
46,6759	0,323
46,7010	0,329
46,7260	0,335
46,7510	0,340
46,7760	0,347
46,8010	0,354
46,8260	0,359
46,8511	0,364
46,8761	0,369
46,9011	0,373
46,9261	0,378
46,9511	0,381
46,9761	0,385
47,0011	0,389
47,0261	0,391
47,0511	0,394
47,0762	0,396
47,1012	0,398
47,1262	0,399
47,1512	0,400
47,1762	0,401
47,2012	0,401
47,2262	0,401
47,2512	0,401
47,2762	0,400
47,3012	0,399
47,3262	0,397
47,3511	0,395
47,3761	0,392
47,4011	0,389
47,4261	0,386
47,4511	0,383
47,4761	0,379
47,5011	0,375
47,5261	0,370
47,5511	0,365
47,5760	0,360
47,6010	0,355
47,6260	0,349
47,6510	0,342
47,6760	0,336
47,7010	0,330
47,7259	0,324
47,7509	0,318
47,7759	0,312
47,8009	0,306
47,8259	0,300
47,8509	0,294
47,8758	0,288
47,9008	0,282
47,9258	0,276
47,9508	0,271
47,9758	0,265
48,0008	0,260
48,0257	0,255
48,0507	0,251
48,0757	0,246
48,1007	0,242
48,1257	0,238
48,1507	0,235
48,1757	0,232
48,2007	0,229
48,2257	0,226
48,2507	0,224
48,2756	0,223
48,3006	0,221
48,3256	0,220
48,3506	0,220
48,3756	0,220
48,4006	0,220
48,4256	0,221
48,4506	0,222
48,4756	0,224
48,5007	0,225
48,5257	0,228
48,5507	0,230
48,5757	0,234
48,6007	0,237
48,6257	0,241
48,6507	0,245
48,6757	0,249
48,7007	0,254
48,7258	0,258
48,7508	0,264
48,7758	0,269
48,8008	0,274
48,8258	0,280
48,8508	0,285
48,8758	0,291
48,9009	0,297
48,9259	0,303
48,9509	0,309
48,9759	0,315
49,0009	0,321
49,0259	0,327
49,0510	0,333
49,0760	0,338
49,1010	0,346
49,1260	0,351
49,1510	0,357
49,1761	0,362
49,2011	0,367
49,2261	0,371
49,2511	0,375
49,2761	0,379
49,3011	0,383
49,3261	0,386
49,3511	0,389
49,3761	0,391
49,4011	0,393
49,4261	0,395
49,4512	0,396
49,4762	0,398
49,5012	0,398
49,5262	0,399
49,5512	0,398
49,5762	0,398
49,6012	0,397
49,6261	0,396
49,6511	0,394
49,6761	0,392
49,7011	0,390
49,7261	0,387
49,7511	0,384
49,7761	0,380
49,8011	0,377
49,8261	0,373
49,8511	0,368
49,8761	0,364
49,9010	0,359
49,9260	0,354
49,9510	0,349
49,9760	0,342
50,0010	0,336
50,0260	0,331
50,0509	0,325
50,0759	0,319
50,1009	0,314
50,1259	0,308
50,1509	0,302
50,1759	0,297
50,2008	0,291
50,2258	0,286
50,2508	0,281
50,2758	0,276
50,3008	0,271
50,3258	0,266
50,3508	0,261
50,3757	0,257
50,4007	0,253
50,4257	0,249
50,4507	0,246
50,4757	0,243
50,5007	0,240
50,5257	0,237
50,5507	0,235
50,5757	0,233
50,6007	0,232
50,6257	0,230
50,6507	0,230
50,6757	0,229
50,7007	0,229
50,7257	0,229
50,7507	0,230
50,7757	0,231
50,8007	0,233
50,8257	0,234
50,8507	0,236
50,8757	0,239
50,9007	0,241
50,9257	0,244
50,9507	0,248
50,9757	0,251
51,0007	0,255
51,0258	0,259
51,0508	0,263
51,0758	0,267
51,1008	0,272
51,1258	0,277
51,1508	0,282
51,1758	0,287
51,2008	0,292
51,2259	0,297
51,2509	0,302
51,2759	0,307
51,3009	0,312
51,3259	0,317
51,3509	0,322
51,3760	0,327
51,4010	0,332
51,4260	0,337
51,4510	0,342
51,4760	0,348
51,5010	0,352
51,5260	0,356
51,5510	0,360
51,5761	0,364
51,6011	0,367
51,6261	0,370
51,6511	0,373
51,6761	0,375
51,7011	0,377
51,7261	0,379
51,7511	0,381
51,7761	0,382
51,8011	0,383
51,8261	0,383
51,8511	0,383
51,8761	0,383
51,9011	0,383
51,9261	0,382
51,9511	0,381
51,9761	0,380
52,0011	0,378
52,0261	0,376
52,0511	0,374
52,0761	0,372
52,1011	0,369
52,1261	0,366
52,1511	0,362
52,1760	0,359
52,2010	0,355
52,2260	0,352
52,2510	0,346
52,2760	0,342
52,3010	0,337
52,3260	0,333
52,3510	0,329
52,3759	0,324
52,4009	0,320
52,4259	0,315
52,4509	0,311
52,4759	0,307
52,5009	0,302
52,5259	0,298
52,5509	0,294
52,5758	0,290
52,6008	0,286
52,6258	0,282
52,6508	0,278
52,6758	0,275
52,7008	0,271
52,7258	0,268
52,7508	0,265
52,7758	0,263
52,8008	0,260
52,8258	0,258
52,8507	0,256
52,8757	0,254
52,9007	0,253
52,9257	0,252
52,9507	0,251
52,9757	0,250
53,0007	0,250
53,0257	0,250
53,0507	0,250
53,0757	0,250
53,1007	0,251
53,1257	0,252
53,1507	0,253
53,1757	0,255
53,2007	0,256
53,2258	0,258
53,2508	0,260
53,2758	0,263
53,3008	0,265
53,3258	0,268
53,3508	0,271
53,3758	0,273
53,4008	0,277
53,4258	0,280
53,4508	0,283
53,4758	0,287
53,5008	0,290
53,5259	0,293
53,5509	0,297
53,5759	0,300
53,6009	0,304
53,6259	0,308
53,6509	0,311
53,6759	0,315
53,7009	0,318
53,7259	0,321
53,7509	0,325
53,7760	0,328
53,8010	0,331
53,8260	0,334
53,8510	0,336
53,8760	0,339
53,9010	0,342
53,9260	0,344
53,9510	0,347
53,9760	0,350
54,0010	0,352
54,0260	0,353
54,0510	0,354
54,0760	0,356
54,1010	0,357
54,1260	0,357
54,1510	0,358
54,1760	0,358
54,2010	0,358
54,2260	0,358
54,2510	0,357
54,2760	0,357
54,3010	0,356
54,3260	0,355
54,3510	0,354
54,3760	0,353
54,4010	0,351
54,4260	0,350
54,4510	0,346
54,4760	0,344
54,5010	0,342
54,5260	0,340
54,5510	0,338
54,5760	0,335
54,6010	0,333
54,6260	0,330
54,6510	0,328
54,6759	0,325
54,7009	0,323
54,7259	0,320
54,7509	0,318
54,7759	0,315
54,8009	0,313
54,8259	0,310
54,8509	0,308
54,8759	0,305
54,9009	0,303
54,9259	0,300
54,9509	0,298
54,9759	0,296
55,0009	0,294
55,0258	0,292
55,0508	0,290
55,0758	0,289
55,1008	0,287
55,1258	0,286
55,1508	0,284
55,1758	0,283
55,2008	0,282
55,2258	0,281
55,2508	0,280
55,2758	0,280
55,3008	0,279
55,3258	0,279
55,3508	0,279
55,3758	0,279
55,4008	0,279
55,4258	0,279
55,4508	0,279
55,4758	0,280
55,5008	0,280
55,5258	0,281
55,5508	0,281
55,5758	0,282
55,6008	0,283
55,6258	0,284
55,6508	0,285
55,6758	0,287
55,7008	0,288
55,7258	0,289
55,7508	0,291
55,7758	0,292
55,8009	0,293
55,8259	0,295
55,8509	0,296
55,8759	0,298
55,9009	0,299
55,9259	0,301
55,9509	0,302
55,9759	0,304
56,0009	0,305
56,0259	0,306
56,0509	0,308
56,0759	0,309
56,1009	0,310
56,1259	0,312
56,1509	0,313
56,1759	0,314
56,2009	0,315
56,2259	0,316
56,2509	0,317
56,2759	0,318
56,3009	0,319
56,3259	0,320
56,3509	0,321
56,3759	0,321
56,4009	0,322
56,4259	0,323
56,4509	0,323
56,4759	0,324
56,5009	0,324
56,5259	0,324
56,5509	0,324
56,5759	0,325
56,6009	0,325
56,6259	0,325
56,6509	0,325
56,6759	0,325
56,7009	0,325
56,7259	0,324
56,7509	0,324
56,7759	0,324
56,8009	0,324
56,8259	0,324
56,8509	0,323
56,8759	0,323
56,9009	0,323
56,9259	0,322
56,9509	0,322
56,9759	0,322
57,0009	0,321
57,0259	0,321
57,0509	0,320
57,0759	0,320
57,1009	0,320
57,1259	0,319
57,1509	0,319
57,1759	0,319
57,2009	0,318
57,2259	0,318
57,2509	0,318
57,2759	0,317
57,3009	0,317
57,3259	0,316
57,3509	0,316
57,3759	0,316
57,4009	0,315
57,4259	0,315
57,4509	0,315
57,4759	0,314
57,5009	0,314
57,5259	0,314
57,5509	0,313
57,5759	0,313
57,6009	0,313
57,6259	0,312
57,6509	0,312
57,6759	0,311
57,7009	0,311
57,7259	0,310
57,7509	0,310
57,7759	0,310
57,8009	0,309
57,8259	0,309
57,8509	0,308
57,8759	0,307
57,9009	0,307
57,9259	0,306
57,9509	0,305
57,9759	0,305
58,0009	0,304
58,0259	0,303
58,0509	0,303
58,0759	0,302
58,1009	0,301
58,1259	0,301
58,1509	0,300
58,1759	0,299
58,2009	0,298
58,2259	0,298
58,2509	0,297
58,2759	0,296
58,3009	0,295
58,3259	0,295
58,3509	0,294
58,3759	0,293
58,4009	0,293
58,4258	0,292
58,4508	0,292
58,4758	0,291
58,5008	0,291
58,5258	0,290
58,5508	0,290
58,5758	0,290
58,6008	0,289
58,6258	0,289
58,6508	0,289
58,6758	0,289
58,7008	0,289
58,7258	0,289
58,7508	0,290
58,7758	0,290
58,8008	0,290
58,8258	0,291
58,8508	0,291
58,8758	0,292
58,9009	0,293
58,9259	0,294
58,9509	0,295
58,9759	0,296
59,0009	0,297
59,0259	0,298
59,0509	0,299
59,0759	0,301
59,1009	0,302
59,1259	0,304
59,1509	0,305
59,1759	0,307
59,2009	0,309
59,2259	0,310
59,2509	0,312
59,2759	0,314
59,3009	0,316
59,3259	0,318
59,3509	0,319
59,3759	0,321
59,4009	0,323
59,4259	0,325
59,4509	0,327
59,4760	0,329
59,5010	0,330
59,5260	0,332
59,5510	0,334
59,5760	0,335
59,6010	0,337
59,6260	0,338
59,6510	0,339
59,6760	0,341
59,7010	0,342
59,7260	0,343
59,7510	0,343
59,7760	0,344
59,8010	0,345
59,8260	0,345
59,8510	0,346
59,8760	0,346
59,9010	0,347
59,9260	0,346
59,9510	0,346
59,9760	0,346
60,0010	0,345
60,0260	0,343
60,0510	0,342
60,0760	0,341
60,1010	0,339
60,1260	0,338
60,1510	0,336
60,1760	0,334
60,2010	0,332
60,2260	0,330
60,2510	0,328
60,2759	0,326
60,3009	0,323
60,3259	0,321
60,3509	0,318
60,3759	0,315
60,4009	0,313
60,4259	0,310
60,4509	0,307
60,4759	0,304
60,5009	0,301
60,5259	0,298
60,5509	0,296
60,5759	0,293
60,6008	0,290
60,6258	0,287
60,6508	0,284
60,6758	0,282
60,7008	0,280
60,7258	0,277
60,7508	0,275
60,7758	0,272
60,8008	0,271
60,8258	0,268
60,8508	0,267
60,8758	0,265
60,9008	0,264
60,9258	0,263
60,9508	0,262
60,9758	0,261
61,0008	0,260
61,0258	0,260
61,0508	0,260
61,0758	0,260
61,1008	0,260
61,1258	0,261
61,1508	0,261
61,1758	0,262
61,2008	0,263
61,2258	0,265
61,2508	0,266
61,2758	0,268
61,3008	0,270
61,3258	0,272
61,3508	0,275
61,3758	0,277
61,4008	0,280
61,4258	0,283
61,4508	0,286
61,4758	0,289
61,5009	0,293
61,5259	0,296
61,5509	0,300
61,5759	0,303
61,6009	0,307
61,6259	0,311
61,6509	0,314
61,6759	0,318
61,7009	0,322
61,7259	0,326
61,7510	0,330
61,7760	0,333
61,8010	0,337
61,8260	0,341
61,8510	0,344
61,8760	0,349
61,9010	0,353
61,9260	0,356
61,9510	0,358
61,9760	0,361
62,0011	0,364
62,0261	0,366
62,0511	0,368
62,0761	0,369
62,1011	0,371
62,1261	0,372
62,1511	0,373
62,1761	0,374
62,2011	0,374
62,2261	0,374
62,2511	0,374
62,2761	0,374
62,3011	0,373
62,3261	0,372
62,3511	0,371
62,3761	0,369
62,4011	0,367
62,4261	0,365
62,4511	0,363
62,4760	0,360
62,5010	0,357
62,5260	0,354
62,5510	0,351
62,5760	0,347
62,6010	0,342
62,6260	0,338
62,6510	0,334
62,6760	0,330
62,7009	0,325
62,7259	0,321
62,7509	0,317
62,7759	0,312
62,8009	0,308
62,8259	0,303
62,8509	0,299
62,8759	0,294
62,9008	0,290
62,9258	0,285
62,9508	0,281
62,9758	0,277
63,0008	0,273
63,0258	0,269
63,0508	0,265
63,0758	0,261
63,1007	0,258
63,1257	0,255
63,1507	0,252
63,1757	0,249
63,2007	0,246
63,2257	0,244
63,2507	0,242
63,2757	0,241
63,3007	0,239
63,3257	0,238
63,3507	0,238
63,3757	0,237
63,4007	0,237
63,4257	0,238
63,4507	0,238
63,4757	0,239
63,5007	0,240
63,5257	0,242
63,5507	0,244
63,5757	0,246
63,6007	0,249
63,6257	0,251
63,6507	0,254
63,6757	0,258
63,7008	0,261
63,7258	0,265
63,7508	0,269
63,7758	0,273
63,8008	0,278
63,8258	0,282
63,8508	0,287
63,8758	0,292
63,9009	0,297
63,9259	0,302
63,9509	0,307
63,9759	0,312
64,0009	0,317
64,0259	0,322
64,0510	0,328
64,0760	0,333
64,1010	0,338
64,1260	0,343
64,1510	0,350
64,1760	0,354
64,2010	0,358
64,2261	0,363
64,2511	0,367
64,2761	0,371
64,3011	0,374
64,3261	0,377
64,3511	0,380
64,3761	0,383
64,4011	0,385
64,4261	0,387
64,4511	0,389
64,4761	0,390
64,5011	0,391
64,5261	0,391
64,5511	0,392
64,5761	0,391
64,6011	0,391
64,6261	0,390
64,6511	0,389
64,6761	0,387
64,7011	0,385
64,7261	0,383
64,7511	0,381
64,7761	0,378
64,8011	0,375
64,8261	0,371
64,8511	0,367
64,8761	0,363
64,9010	0,359
64,9260	0,354
64,9510	0,349
64,9760	0,342
65,0010	0,337
65,0260	0,332
65,0509	0,327
65,0759	0,321
65,1009	0,316
65,1259	0,310
65,1509	0,305
65,1759	0,299
65,2009	0,294
65,2258	0,288
65,2508	0,283
65,2758	0,278
65,3008	0,273
65,3258	0,268
65,3508	0,263
65,3758	0,258
65,4007	0,254
65,4257	0,250
65,4507	0,246
65,4757	0,243
65,5007	0,239
65,5257	0,236
65,5507	0,234
65,5757	0,231
65,6007	0,229
65,6257	0,228
65,6507	0,227
65,6757	0,226
65,7007	0,225
65,7257	0,225
65,7507	0,226
65,7757	0,226
65,8007	0,227
65,8257	0,229
65,8507	0,231
65,8757	0,233
65,9007	0,235
65,9257	0,238
65,9507	0,242
65,9757	0,245
66,0007	0,249
66,0257	0,253
66,0507	0,257
66,0758	0,262
66,1008	0,267
66,1258	0,272
66,1508	0,277
66,1758	0,282
66,2008	0,288
66,2259	0,293
66,2509	0,299
66,2759	0,305
66,3009	0,310
66,3259	0,316
66,3509	0,322
66,3760	0,328
66,4010	0,333
66,4260	0,339
66,4510	0,345
66,4760	0,351
66,5010	0,357
66,5261	0,361
66,5511	0,366
66,5761	0,370
66,6011	0,375
66,6261	0,379
66,6511	0,382
66,6761	0,385
66,7011	0,388
66,7261	0,390
66,7511	0,392
66,7761	0,394
66,8011	0,395
66,8262	0,396
66,8512	0,397
66,8762	0,397
66,9012	0,397
66,9262	0,396
66,9512	0,396
66,9761	0,394
67,0011	0,393
67,0261	0,391
67,0511	0,389
67,0761	0,386
67,1011	0,383
67,1261	0,379
67,1511	0,376
67,1761	0,372
67,2011	0,367
67,2261	0,363
67,2510	0,358
67,2760	0,353
67,3010	0,347
67,3260	0,340
67,3510	0,335
67,3760	0,329
67,4009	0,323
67,4259	0,318
67,4509	0,312
67,4759	0,306
67,5009	0,300
67,5259	0,295
67,5508	0,289
67,5758	0,284
67,6008	0,278
67,6258	0,273
67,6508	0,268
67,6758	0,263
67,7008	0,259
67,7257	0,254
67,7507	0,250
67,7757	0,246
67,8007	0,243
67,8257	0,239
67,8507	0,237
67,8757	0,234
67,9007	0,232
67,9257	0,230
67,9507	0,228
67,9757	0,227
68,0007	0,226
68,0257	0,226
68,0507	0,226
68,0757	0,226
68,1007	0,227
68,1257	0,228
68,1507	0,229
68,1757	0,231
68,2007	0,233
68,2257	0,236
68,2507	0,239
68,2757	0,242
68,3007	0,245
68,3257	0,249
68,3507	0,253
68,3757	0,257
68,4008	0,262
68,4258	0,267
68,4508	0,272
68,4758	0,277
68,5008	0,282
68,5258	0,287
68,5508	0,292
68,5759	0,298
68,6009	0,303
68,6259	0,309
68,6509	0,314
68,6759	0,320
68,7009	0,325
68,7260	0,331
68,7510	0,336
68,7760	0,341
68,8010	0,347
68,8260	0,353
68,8510	0,357
68,8761	0,362
68,9011	0,366
68,9261	0,370
68,9511	0,374
68,9761	0,377
69,0011	0,380
69,0261	0,382
69,0511	0,385
69,0761	0,386
69,1011	0,388
69,1261	0,389
69,1511	0,390
69,1761	0,391
69,2011	0,391
69,2261	0,391
69,2511	0,390
69,2761	0,390
69,3011	0,388
69,3261	0,387
69,3511	0,385
69,3761	0,383
69,4011	0,380
69,4261	0,378
69,4511	0,374
69,4761	0,371
69,5011	0,367
69,5261	0,363
69,5510	0,359
69,5760	0,355
69,6010	0,350
69,6260	0,344
69,6510	0,339
69,6760	0,334
69,7010	0,329
69,7259	0,324
69,7509	0,318
69,7759	0,313
69,8009	0,308
69,8259	0,303
69,8509	0,298
69,8759	0,293
69,9008	0,288
69,9258	0,284
69,9508	0,279
69,9758	0,275
70,0008	0,271
70,0258	0,266
70,0508	0,263
70,0758	0,259
70,1007	0,256
70,1257	0,252
70,1507	0,250
70,1757	0,247
70,2007	0,245
70,2257	0,243
70,2507	0,241
70,2757	0,240
70,3007	0,239
70,3257	0,238
70,3507	0,238
70,3757	0,238
70,4007	0,238
70,4257	0,239
70,4507	0,240
70,4757	0,241
70,5007	0,243
70,5257	0,244
70,5507	0,247
70,5757	0,249
70,6007	0,252
70,6257	0,255
70,6507	0,258
70,6758	0,261
70,7008	0,265
70,7258	0,268
70,7508	0,272
70,7758	0,276
70,8008	0,280
70,8258	0,285
70,8508	0,289
70,8759	0,293
70,9009	0,298
70,9259	0,302
70,9509	0,307
70,9759	0,311
71,0009	0,316
71,0259	0,320
71,0509	0,324
71,0760	0,329
71,1010	0,333
71,1260	0,337
71,1510	0,341
71,1760	0,346
71,2010	0,350
71,2260	0,353
71,2510	0,356
71,2760	0,359
71,3011	0,362
71,3261	0,364
71,3511	0,367
71,3761	0,368
71,4011	0,370
71,4261	0,371
71,4511	0,372
71,4761	0,373
71,5011	0,373
71,5261	0,374
71,5511	0,374
71,5761	0,373
71,6011	0,372
71,6261	0,372
71,6511	0,370
71,6761	0,369
71,7011	0,367
71,7261	0,365
71,7511	0,363
71,7760	0,361
71,8010	0,358
71,8260	0,355
71,8510	0,352
71,8760	0,348
71,9010	0,344
71,9260	0,341
71,9510	0,337
71,9760	0,334
72,0010	0,330
72,0259	0,326
72,0509	0,322
72,0759	0,319
72,1009	0,315
72,1259	0,311
72,1509	0,308
72,1759	0,304
72,2009	0,300
72,2259	0,297
72,2509	0,293
72,2758	0,290
72,3008	0,287
72,3258	0,284
72,3508	0,281
72,3758	0,278
72,4008	0,276
72,4258	0,273
72,4508	0,271
72,4758	0,269
72,5008	0,267
72,5258	0,266
72,5508	0,264
72,5758	0,263
72,6008	0,262
72,6258	0,261
72,6508	0,261
72,6758	0,260
72,7008	0,260
72,7258	0,260
72,7508	0,261
72,7758	0,261
72,8008	0,262
72,8258	0,263
72,8508	0,264
72,8758	0,266
72,9008	0,267
72,9258	0,269
72,9508	0,271
72,9758	0,273
73,0008	0,275
73,0258	0,277
73,0508	0,280
73,0758	0,282
73,1008	0,285
73,1258	0,287
73,1508	0,290
73,1759	0,293
73,2009	0,295
73,2259	0,298
73,2509	0,301
73,2759	0,304
73,3009	0,307
73,3259	0,310
73,3509	0,312
73,3759	0,315
73,4009	0,318
73,4259	0,320
73,4509	0,323
73,4759	0,325
73,5010	0,327
73,5260	0,330
73,5510	0,332
73,5760	0,334
73,6010	0,335
73,6260	0,337
73,6510	0,339
73,6760	0,340
73,7010	0,341
73,7260	0,342
73,7510	0,343
73,7760	0,344
73,8010	0,345
73,8260	0,346
73,8510	0,346
73,8760	0,345
73,9010	0,345
73,9260	0,345
73,9510	0,345
73,9760	0,344
74,0010	0,343
74,0260	0,342
74,0510	0,341
74,0760	0,340
74,1010	0,339
74,1260	0,338
74,1510	0,336
74,1760	0,335
74,2010	0,333
74,2260	0,332
74,2510	0,330
74,2760	0,328
74,3009	0,326
74,3259	0,325
74,3509	0,323
74,3759	0,321
74,4009	0,319
74,4259	0,317
74,4509	0,315
74,4759	0,314
74,5009	0,312
74,5259	0,310
74,5509	0,308
74,5759	0,307
74,6009	0,305
74,6259	0,303
74,6509	0,302
74,6759	0,300
74,7009	0,299
74,7259	0,298
74,7509	0,297
74,7759	0,295
74,8009	0,294
74,8259	0,294
74,8509	0,293
74,8758	0,292
74,9008	0,291
74,9258	0,291
74,9508	0,290
74,9758	0,290
75,0008	0,289
75,0258	0,289
75,0508	0,289
75,0758	0,289
75,1008	0,289
75,1258	0,289
75,1508	0,289
75,1758	0,290
75,2008	0,290
75,2258	0,290
75,2508	0,291
75,2758	0,291
75,3008	0,292
75,3258	0,292
75,3509	0,293
75,3759	0,294
75,4009	0,294
75,4259	0,295
75,4509	0,296
75,4759	0,297
75,5009	0,297
75,5259	0,298
75,5509	0,299
75,5759	0,300
75,6009	0,300
75,6259	0,301
75,6509	0,302
75,6759	0,303
75,7009	0,304
75,7259	0,304
75,7509	0,305
75,7759	0,306
75,8009	0,306
75,8259	0,307
75,8509	0,308
75,8759	0,308
75,9009	0,309
75,9259	0,309
75,9509	0,310
75,9759	0,310
76,0009	0,311
76,0259	0,311
76,0509	0,312
76,0759	0,312
76,1009	0,313
76,1259	0,313
76,1509	0,313
76,1759	0,314
76,2009	0,314
76,2259	0,314
76,2509	0,314
76,2759	0,315
76,3009	0,315
76,3259	0,315
76,3509	0,316
76,3759	0,316
76,4009	0,316
76,4259	0,316
76,4509	0,317
76,4759	0,317
76,5009	0,317
76,5259	0,317
76,5509	0,318
76,5759	0,318
76,6009	0,318
76,6259	0,318
76,6509	0,319
76,6759	0,319
76,7009	0,319
76,7259	0,320
76,7509	0,320
76,7759	0,320
76,8009	0,320
76,8259	0,321
76,8509	0,321
76,8759	0,321
76,9009	0,321
76,9259	0,322
76,9509	0,322
76,9759	0,322
77,0009	0,322
77,0259	0,322
77,0509	0,322
77,0759	0,322
77,1009	0,322
77,1259	0,322
77,1509	0,322
77,1759	0,322
77,2009	0,322
77,2259	0,322
77,2509	0,322
77,2759	0,322
77,3009	0,321
77,3259	0,321
77,3509	0,320
77,3759	0,320
77,4009	0,319
77,4259	0,319
77,4509	0,318
77,4759	0,317
77,5009	0,316
77,5259	0,316
77,5509	0,315
77,5759	0,314
77,6009	0,313
77,6259	0,312
77,6509	0,311
77,6759	0,309
77,7009	0,308
77,7259	0,307
77,7509	0,306
77,7759	0,305
77,8009	0,303
77,8259	0,302
77,8509	0,301
77,8759	0,299
77,9009	0,298
77,9259	0,297
77,9509	0,295
77,9759	0,294
78,0009	0,293
78,0258	0,292
78,0508	0,291
78,0758	0,289
78,1008	0,288
78,1258	0,287
78,1508	0,286
78,1758	0,285
78,2008	0,285
78,2258	0,284
78,2508	0,283
78,2758	0,283
78,3008	0,282
78,3258	0,282
78,3508	0,282
78,3758	0,282
78,4008	0,282
78,4258	0,282
78,4508	0,282
78,4758	0,282
78,5008	0,283
78,5258	0,284
78,5508	0,284
78,5758	0,285
78,6008	0,286
78,6258	0,288
78,6508	0,289
78,6758	0,290
78,7008	0,292
78,7259	0,293
78,7509	0,295
78,7759	0,297
78,8009	0,299
78,8259	0,300
78,8509	0,303
78,8759	0,305
78,9009	0,307
78,9259	0,309
78,9509	0,311
78,9759	0,314
79,0009	0,316
79,0259	0,318
79,0509	0,321
79,0759	0,323
79,1009	0,325
79,1260	0,327
79,1510	0,330
79,1760	0,332
79,2010	0,334
79,2260	0,336
79,2510	0,338
79,2760	0,340
79,3010	0,342
79,3260	0,344
79,3510	0,345
79,3760	0,347
79,4010	0,350
79,4260	0,351
79,4510	0,352
79,4760	0,352
79,5010	0,353
79,5260	0,353
79,5510	0,354
79,5760	0,354
79,6010	0,353
79,6260	0,353
79,6510	0,353
79,6760	0,352
79,7010	0,351
79,7260	0,350
79,7510	0,348
79,7760	0,347
79,8010	0,344
79,8260	0,342
79,8510	0,340
79,8760	0,337
79,9010	0,335
79,9260	0,332
79,9510	0,330
79,9760	0,327
80,0009	0,324
80,0259	0,321
80,0509	0,318
80,0759	0,315
80,1009	0,312
80,1259	0,309
80,1509	0,305
80,1759	0,302
80,2009	0,299
80,2259	0,296
80,2509	0,293
80,2758	0,290
80,3008	0,287
80,3258	0,283
80,3508	0,281
80,3758	0,278
80,4008	0,275
80,4258	0,272
80,4508	0,270
80,4758	0,268
80,5008	0,265
80,5258	0,264
80,5508	0,262
80,5758	0,260
80,6008	0,259
80,6257	0,257
80,6507	0,257
80,6757	0,256
80,7007	0,255
80,7257	0,255
80,7507	0,255
80,7757	0,255
80,8007	0,256
80,8257	0,257
80,8507	0,258
80,8758	0,259
80,9008	0,260
80,9258	0,262
80,9508	0,264
80,9758	0,266
81,0008	0,268
81,0258	0,271
81,0508	0,274
81,0758	0,277
81,1008	0,280
81,1258	0,283
81,1508	0,287
81,1758	0,290
81,2009	0,294
81,2259	0,298
81,2509	0,302
81,2759	0,306
81,3009	0,310
81,3259	0,314
81,3509	0,318
81,3759	0,322
81,4009	0,326
81,4260	0,330
81,4510	0,334
81,4760	0,338
81,5010	0,341
81,5260	0,346
81,5510	0,351
81,5760	0,354
81,6010	0,357
81,6260	0,360
81,6511	0,363
81,6761	0,365
81,7011	0,368
81,7261	0,370
81,7511	0,372
81,7761	0,373
81,8011	0,375
81,8261	0,376
81,8511	0,376
81,8761	0,377
81,9011	0,377
81,9261	0,377
81,9511	0,377
81,9761	0,376
82,0011	0,375
82,0261	0,373
82,0511	0,372
82,0761	0,370
82,1011	0,368
82,1261	0,365
82,1511	0,362
82,1760	0,359
82,2010	0,356
82,2260	0,353
82,2510	0,349
82,2760	0,344
82,3010	0,340
82,3260	0,335
82,3510	0,331
82,3759	0,327
82,4009	0,322
82,4259	0,318
82,4509	0,313
82,4759	0,308
82,5009	0,304
82,5259	0,299
82,5509	0,294
82,5758	0,290
82,6008	0,285
82,6258	0,281
82,6508	0,277
82,6758	0,272
82,7008	0,268
82,7258	0,265
82,7508	0,261
82,7757	0,257
82,8007	0,254
82,8257	0,251
82,8507	0,248
82,8757	0,246
82,9007	0,244
82,9257	0,242
82,9507	0,240
82,9757	0,239
83,0007	0,238
83,0257	0,237
83,0507	0,237
83,0757	0,237
83,1007	0,237
83,1257	0,238
83,1507	0,238
83,1757	0,240
83,2007	0,241
83,2257	0,243
83,2507	0,245
83,2757	0,248
83,3007	0,251
83,3257	0,254
83,3507	0,257
83,3758	0,261
83,4008	0,265
83,4258	0,269
83,4508	0,273
83,4758	0,278
83,5008	0,282
83,5258	0,287
83,5508	0,292
83,5759	0,297
83,6009	0,302
