Position, Messreihe #3
Zeit ( s )	Position ( m )
9,8650E-4	0,339
0,1010	0,353
0,2011	0,362
0,3011	0,367
0,4011	0,365
0,5010	0,359
0,6010	0,348
0,7010	0,331
0,8009	0,313
0,9009	0,293
1,0008	0,274
1,1007	0,255
1,2007	0,240
1,3007	0,228
1,4006	0,221
1,5006	0,218
1,6006	0,221
1,7007	0,230
1,8007	0,242
1,9008	0,258
2,0008	0,276
2,1009	0,296
2,2009	0,314
2,3010	0,332
2,4010	0,348
2,5010	0,358
2,6011	0,363
2,7011	0,363
2,8010	0,358
2,9010	0,348
3,0010	0,333
3,1009	0,316
3,2009	0,299
3,3008	0,281
3,4008	0,263
3,5007	0,249
3,6007	0,237
3,7007	0,229
3,8007	0,226
3,9007	0,228
4,0007	0,234
4,1007	0,244
4,2007	0,257
4,3008	0,273
4,4008	0,289
4,5009	0,305
4,6009	0,321
4,7010	0,334
4,8010	0,344
4,9010	0,350
5,0010	0,351
5,1010	0,348
5,2010	0,341
5,3010	0,329
5,4009	0,316
5,5009	0,302
5,6008	0,288
5,7008	0,275
5,8008	0,263
5,9007	0,253
6,0007	0,247
6,1007	0,244
6,2007	0,244
6,3007	0,247
6,4007	0,254
6,5008	0,263
6,6008	0,273
6,7008	0,284
6,8009	0,296
6,9009	0,306
7,0009	0,315
7,1009	0,322
7,2009	0,326
7,3010	0,328
7,4010	0,327
7,5009	0,323
7,6009	0,318
7,7009	0,311
7,8009	0,303
7,9009	0,295
8,0008	0,287
8,1008	0,280
8,2008	0,274
8,3008	0,270
8,4008	0,267
8,5008	0,267
8,6008	0,268
8,7008	0,270
8,8008	0,273
8,9008	0,278
9,0008	0,282
9,1008	0,287
9,2008	0,291
9,3009	0,295
9,4009	0,298
9,5009	0,300
9,6009	0,302
9,7009	0,302
9,8009	0,302
9,9009	0,302
10,0009	0,301
10,1009	0,300
10,2009	0,299
10,3009	0,298
10,4009	0,297
10,5009	0,296
10,6009	0,295
10,7009	0,294
10,8009	0,293
10,9008	0,292
11,0008	0,290
11,1008	0,288
11,2008	0,286
11,3008	0,283
11,4008	0,281
11,5008	0,278
11,6008	0,276
11,7008	0,275
11,8008	0,274
11,9008	0,275
12,0008	0,277
12,1008	0,279
12,2008	0,283
12,3008	0,288
12,4009	0,294
12,5009	0,300
12,6009	0,306
12,7009	0,311
12,8009	0,316
12,9009	0,319
13,0009	0,320
13,1009	0,319
13,2009	0,316
13,3009	0,311
13,4009	0,304
13,5009	0,296
13,6008	0,287
13,7008	0,278
13,8008	0,269
13,9008	0,261
14,0007	0,255
14,1007	0,252
14,2007	0,251
14,3007	0,253
14,4007	0,257
14,5008	0,265
14,6008	0,275
14,7008	0,286
14,8009	0,298
14,9009	0,310
15,0009	0,321
15,1010	0,331
15,2010	0,340
15,3010	0,343
15,4010	0,343
15,5010	0,340
15,6010	0,331
15,7009	0,320
15,8009	0,307
15,9009	0,293
16,0008	0,279
16,1008	0,265
16,2007	0,252
16,3007	0,242
16,4007	0,236
16,5007	0,233
16,6007	0,234
16,7007	0,240
16,8007	0,250
16,9008	0,262
17,0008	0,277
17,1009	0,293
17,2009	0,310
17,3009	0,325
17,4010	0,341
17,5010	0,350
17,6010	0,356
17,7010	0,357
17,8010	0,354
17,9010	0,346
18,0010	0,333
18,1009	0,317
18,2009	0,300
18,3008	0,282
18,4008	0,265
18,5007	0,250
18,6007	0,237
18,7007	0,228
18,8007	0,224
18,9007	0,224
19,0007	0,230
19,1007	0,240
19,2007	0,254
19,3008	0,270
19,4008	0,288
19,5009	0,306
19,6009	0,324
19,7010	0,341
19,8010	0,352
19,9010	0,360
20,0011	0,362
20,1010	0,359
20,2010	0,352
20,3010	0,340
20,4009	0,323
20,5009	0,306
20,6008	0,288
20,7008	0,270
20,8007	0,254
20,9007	0,240
21,0007	0,230
21,1007	0,225
21,2007	0,224
21,3007	0,229
21,4007	0,238
21,5007	0,250
21,6008	0,266
21,7008	0,283
21,8009	0,300
21,9009	0,317
22,0010	0,333
22,1010	0,346
22,2010	0,353
22,3010	0,357
22,4010	0,355
22,5010	0,349
22,6010	0,340
22,7009	0,325
22,8009	0,309
22,9009	0,293
23,0008	0,277
23,1008	0,262
23,2007	0,250
23,3007	0,241
23,4007	0,235
23,5007	0,234
23,6007	0,237
23,7007	0,244
23,8007	0,253
23,9008	0,266
24,0008	0,279
24,1009	0,294
24,2009	0,307
24,3009	0,320
24,4010	0,330
24,5010	0,338
24,6010	0,342
24,7010	0,342
24,8010	0,338
24,9010	0,330
25,0009	0,320
25,1009	0,309
25,2009	0,297
25,3008	0,286
25,4008	0,275
25,5008	0,265
25,6008	0,258
25,7007	0,254
25,8007	0,252
25,9007	0,253
26,0007	0,257
26,1008	0,263
26,2008	0,270
26,3008	0,279
26,4008	0,288
26,5009	0,296
26,6009	0,304
26,7009	0,311
26,8009	0,316
26,9009	0,318
27,0009	0,319
27,1009	0,318
27,2009	0,315
27,3009	0,310
27,4009	0,305
27,5009	0,299
27,6009	0,293
27,7008	0,288
27,8008	0,283
27,9008	0,280
28,0008	0,277
28,1008	0,276
28,2008	0,275
28,3008	0,276
28,4008	0,277
28,5008	0,279
28,6008	0,282
28,7008	0,284
28,8008	0,287
28,9008	0,289
29,0008	0,291
29,1008	0,292
29,2009	0,293
29,3009	0,294
29,4009	0,295
29,5009	0,296
29,6009	0,296
29,7009	0,297
29,8009	0,298
29,9009	0,299
30,0009	0,300
30,1009	0,300
30,2009	0,301
30,3009	0,301
30,4009	0,300
30,5009	0,299
30,6009	0,297
30,7009	0,295
30,8008	0,291
30,9008	0,287
31,0008	0,283
31,1008	0,279
31,2008	0,275
31,3008	0,272
31,4008	0,270
31,5008	0,269
31,6008	0,270
31,7008	0,272
31,8008	0,276
31,9008	0,281
32,0008	0,287
32,1009	0,294
32,2009	0,302
32,3009	0,309
32,4009	0,315
32,5009	0,320
32,6009	0,323
32,7009	0,324
32,8009	0,323
32,9009	0,319
33,0009	0,313
33,1009	0,305
33,2009	0,295
33,3008	0,285
33,4008	0,275
33,5008	0,266
33,6007	0,258
33,7007	0,252
33,8007	0,249
33,9007	0,249
34,0007	0,251
34,1007	0,257
34,2008	0,266
34,3008	0,276
34,4008	0,289
34,5009	0,301
34,6009	0,314
34,7009	0,325
34,8010	0,334
34,9010	0,342
35,0010	0,345
35,1010	0,343
35,2010	0,338
35,3010	0,329
35,4009	0,317
35,5009	0,304
35,6008	0,289
35,7008	0,275
35,8008	0,261
35,9007	0,249
36,0007	0,240
36,1007	0,235
36,2007	0,234
36,3007	0,236
36,4007	0,243
36,5007	0,254
36,6008	0,267
36,7008	0,282
36,8009	0,298
36,9009	0,314
37,0010	0,328
37,1010	0,342
37,2010	0,351
37,3010	0,355
37,4010	0,354
37,5010	0,350
37,6010	0,341
37,7009	0,326
37,8009	0,311
37,9009	0,294
38,0008	0,278
38,1008	0,262
38,2007	0,248
38,3007	0,237
38,4007	0,230
38,5007	0,227
38,6007	0,229
38,7007	0,236
38,8007	0,247
38,9008	0,260
39,0008	0,276
39,1009	0,293
39,2009	0,310
39,3009	0,326
39,4010	0,341
39,5010	0,351
39,6010	0,356
39,7010	0,357
39,8010	0,353
39,9010	0,344
40,0010	0,331
40,1009	0,316
40,2009	0,299
40,3008	0,283
40,4008	0,267
40,5007	0,252
40,6007	0,241
40,7007	0,234
40,8007	0,230
40,9007	0,232
41,0007	0,237
41,1007	0,246
41,2008	0,259
41,3008	0,273
41,4008	0,289
41,5009	0,304
41,6009	0,319
41,7010	0,332
41,8010	0,342
41,9010	0,348
42,0010	0,349
42,1010	0,347
42,2010	0,340
42,3010	0,329
42,4009	0,316
42,5009	0,303
42,6008	0,288
42,7008	0,275
42,8008	0,262
42,9007	0,253
43,0007	0,246
43,1007	0,242
43,2007	0,242
43,3007	0,246
43,4007	0,253
43,5008	0,262
43,6008	0,273
43,7008	0,285
43,8009	0,297
43,9009	0,308
44,0009	0,318
44,1009	0,325
44,2010	0,330
44,3010	0,332
44,4010	0,331
44,5010	0,327
44,6009	0,320
44,7009	0,312
44,8009	0,303
44,9009	0,293
45,0008	0,284
45,1008	0,276
45,2008	0,269
45,3008	0,264
45,4008	0,261
45,5008	0,260
45,6008	0,262
45,7008	0,265
45,8008	0,270
45,9008	0,276
46,0008	0,283
46,1008	0,290
46,2009	0,296
46,3009	0,302
46,4009	0,306
46,5009	0,309
46,6009	0,311
46,7009	0,311
46,8009	0,309
46,9009	0,307
47,0009	0,304
47,1009	0,300
47,2009	0,297
47,3009	0,293
47,4008	0,290
47,5008	0,287
47,6008	0,285
47,7008	0,283
47,8008	0,283
47,9008	0,282
48,0008	0,283
48,1008	0,283
48,2008	0,284
48,3008	0,284
48,4008	0,285
48,5008	0,285
48,6008	0,286
48,7008	0,286
48,8008	0,287
48,9008	0,287
49,0008	0,288
49,1008	0,289
49,2008	0,291
49,3009	0,293
49,4009	0,295
49,5009	0,297
49,6009	0,300
49,7009	0,302
49,8009	0,304
49,9009	0,306
50,0009	0,306
50,1009	0,306
50,2009	0,304
50,3009	0,302
50,4009	0,298
50,5009	0,293
50,6008	0,288
50,7008	0,282
50,8008	0,277
50,9008	0,272
51,0008	0,268
51,1008	0,266
51,2008	0,265
51,3008	0,266
51,4008	0,269
51,5008	0,274
51,6008	0,280
51,7008	0,288
51,8009	0,296
51,9009	0,304
52,0009	0,312
52,1009	0,319
52,2009	0,324
52,3009	0,327
52,4010	0,327
52,5009	0,325
52,6009	0,320
52,7009	0,312
52,8009	0,303
52,9009	0,293
53,0008	0,282
53,1008	0,272
53,2008	0,262
53,3007	0,255
53,4007	0,249
53,5007	0,247
53,6007	0,248
53,7007	0,252
53,8008	0,259
53,9008	0,268
54,0008	0,280
54,1008	0,292
54,2009	0,305
54,3009	0,317
54,4010	0,328
54,5010	0,338
54,6010	0,343
54,7010	0,344
54,8010	0,342
54,9010	0,335
55,0009	0,325
55,1009	0,313
55,2009	0,299
55,3008	0,285
55,4008	0,271
55,5008	0,258
55,6007	0,247
55,7007	0,240
55,8007	0,236
55,9007	0,236
56,0007	0,240
56,1007	0,248
56,2008	0,259
56,3008	0,272
56,4008	0,287
56,5009	0,303
56,6009	0,318
56,7010	0,331
56,8010	0,343
56,9010	0,349
57,0010	0,352
57,1010	0,350
57,2010	0,344
57,3010	0,333
57,4009	0,320
57,5009	0,305
57,6008	0,289
57,7008	0,273
57,8008	0,259
57,9007	0,247
58,0007	0,238
58,1007	0,233
58,2007	0,232
58,3007	0,236
58,4007	0,243
58,5007	0,254
58,6008	0,268
58,7008	0,283
58,8009	0,299
58,9009	0,314
59,0010	0,327
59,1010	0,340
59,2010	0,348
59,3010	0,351
59,4010	0,350
59,5010	0,345
59,6010	0,336
59,7009	0,322
59,8009	0,308
59,9009	0,293
60,0008	0,278
60,1008	0,265
60,2007	0,253
60,3007	0,244
60,4007	0,238
60,5007	0,237
