Position, Messreihe #1
Zeit ( s )	Position ( m )
3,5750E-4	0,123
0,0504	0,123
0,1004	0,123
0,1504	0,123
0,2004	0,123
0,2504	0,123
0,3004	0,123
0,3504	0,123
0,4004	0,123
0,4504	0,123
0,5004	0,124
0,5504	0,125
0,6004	0,125
0,6504	0,131
0,7004	0,142
0,7505	0,156
0,8005	0,172
0,8506	0,190
0,9006	0,211
0,9507	0,234
1,0008	0,258
1,0508	0,283
1,1009	0,308
1,1510	0,333
1,2011	0,361
1,2511	0,385
1,3012	0,407
1,3512	0,427
1,4013	0,447
1,4514	0,471
1,5014	0,481
1,5515	0,504
1,6015	0,518
1,6515	0,501
1,7015	0,499
1,7514	0,498
1,8014	0,493
1,8514	0,492
1,9014	0,477
1,9513	0,452
2,0013	0,431
2,0512	0,410
2,1011	0,389
2,1511	0,367
2,2010	0,340
2,2509	0,315
2,3008	0,290
2,3508	0,267
2,4007	0,244
2,4506	0,222
2,5006	0,201
2,5505	0,183
2,6005	0,168
2,6504	0,155
2,7004	0,144
2,7504	0,137
2,8004	0,134
2,8504	0,133
2,9004	0,136
2,9504	0,142
3,0004	0,151
3,0505	0,163
3,1005	0,178
3,1506	0,194
3,2006	0,213
3,2507	0,234
3,3007	0,255
3,3508	0,278
3,4009	0,300
3,4509	0,323
3,5010	0,347
3,5511	0,370
3,6011	0,390
3,6512	0,408
3,7012	0,425
3,7513	0,440
3,8013	0,454
3,8514	0,470
3,9014	0,477
3,9514	0,480
4,0014	0,487
4,0514	0,491
4,1014	0,476
4,1513	0,459
4,2013	0,445
4,2513	0,433
4,3012	0,418
4,3512	0,401
4,4011	0,383
4,4511	0,364
4,5010	0,342
4,5509	0,321
4,6009	0,301
4,6508	0,281
4,7008	0,262
4,7507	0,244
4,8007	0,228
4,8506	0,212
4,9006	0,199
4,9505	0,189
5,0005	0,181
5,0505	0,175
5,1005	0,171
5,1505	0,171
5,2005	0,173
5,2505	0,178
5,3005	0,185
5,3506	0,193
5,4006	0,204
5,4506	0,218
5,5007	0,232
5,5507	0,247
5,6008	0,263
5,6508	0,280
5,7009	0,297
5,7509	0,314
5,8010	0,331
5,8510	0,349
5,9011	0,365
5,9511	0,378
6,0011	0,390
6,0512	0,400
6,1012	0,409
6,1512	0,416
6,2012	0,421
6,2512	0,423
6,3012	0,423
6,3512	0,422
6,4012	0,418
6,4512	0,412
6,5012	0,405
6,5512	0,396
6,6011	0,387
6,6511	0,375
6,7011	0,363
6,7510	0,347
6,8010	0,334
6,8509	0,321
6,9009	0,308
6,9509	0,295
7,0008	0,283
7,0508	0,272
7,1008	0,261
7,1507	0,252
7,2007	0,244
7,2507	0,238
7,3007	0,234
7,3507	0,230
7,4007	0,228
7,4507	0,228
7,5007	0,230
7,5507	0,233
7,6007	0,237
7,6507	0,243
7,7007	0,249
7,7507	0,257
7,8008	0,265
7,8508	0,273
7,9008	0,282
7,9508	0,292
8,0009	0,301
8,0509	0,310
8,1009	0,318
8,1509	0,326
8,2010	0,334
8,2510	0,342
8,3010	0,348
8,3510	0,352
8,4010	0,356
8,4510	0,358
8,5010	0,360
8,5510	0,360
8,6010	0,360
8,6510	0,358
8,7010	0,356
8,7510	0,353
8,8010	0,349
8,8510	0,343
8,9010	0,338
8,9510	0,333
9,0010	0,328
9,0509	0,323
9,1009	0,318
9,1509	0,314
9,2009	0,309
9,2509	0,306
9,3009	0,302
9,3509	0,299
9,4009	0,297
9,4509	0,295
9,5009	0,294
9,5509	0,294
9,6009	0,294
9,6509	0,294
9,7009	0,295
9,7509	0,297
9,8009	0,298
9,8509	0,300
9,9009	0,302
9,9509	0,304
10,0009	0,306
10,0509	0,307
10,1009	0,309
10,1509	0,310
10,2009	0,311
10,2509	0,311
10,3009	0,311
10,3509	0,311
10,4009	0,310
10,4509	0,309
10,5009	0,307
10,5509	0,305
10,6009	0,303
10,6509	0,300
10,7009	0,298
10,7509	0,295
10,8009	0,292
10,8508	0,290
10,9008	0,288
10,9508	0,286
11,0008	0,284
11,0508	0,283
11,1008	0,283
11,1508	0,283
11,2008	0,284
11,2508	0,286
11,3008	0,289
11,3508	0,292
11,4009	0,295
11,4509	0,300
11,5009	0,305
11,5509	0,311
11,6009	0,317
11,6509	0,322
11,7010	0,329
11,7510	0,336
11,8010	0,342
11,8510	0,348
11,9010	0,353
11,9510	0,360
12,0011	0,364
12,0511	0,368
12,1011	0,370
12,1511	0,371
12,2011	0,372
12,2511	0,371
12,3011	0,368
12,3511	0,364
12,4010	0,360
12,4510	0,354
12,5010	0,347
12,5510	0,337
12,6010	0,328
12,6509	0,318
12,7009	0,308
12,7509	0,298
12,8008	0,287
12,8508	0,277
12,9008	0,267
12,9507	0,257
13,0007	0,248
13,0507	0,240
13,1007	0,233
13,1507	0,227
13,2006	0,223
13,2506	0,220
13,3006	0,219
13,3506	0,219
13,4006	0,221
13,4507	0,225
13,5007	0,231
13,5507	0,238
13,6007	0,247
13,6507	0,258
13,7008	0,269
13,7508	0,282
13,8009	0,295
13,8509	0,309
13,9009	0,324
13,9510	0,339
14,0010	0,354
14,0511	0,369
14,1011	0,382
14,1511	0,394
14,2012	0,404
14,2512	0,413
14,3012	0,421
14,3512	0,426
14,4013	0,430
14,4513	0,431
14,5013	0,430
14,5512	0,427
14,6012	0,422
14,6512	0,415
14,7012	0,405
14,7511	0,393
14,8011	0,380
14,8511	0,366
14,9010	0,350
14,9510	0,330
15,0009	0,312
15,0509	0,294
15,1008	0,277
15,1508	0,259
15,2007	0,242
15,2507	0,226
15,3006	0,212
15,3506	0,199
15,4005	0,187
15,4505	0,178
15,5005	0,171
15,5505	0,168
15,6005	0,166
15,6505	0,167
15,7005	0,170
15,7505	0,177
15,8005	0,186
15,8506	0,197
15,9006	0,211
15,9507	0,226
16,0007	0,244
16,0508	0,263
16,1008	0,282
16,1509	0,303
16,2009	0,324
16,2510	0,347
16,3011	0,368
16,3511	0,387
16,4012	0,405
16,4512	0,422
16,5013	0,437
16,5513	0,452
16,6013	0,463
16,6514	0,473
16,7014	0,494
16,7514	0,493
16,8014	0,498
16,8514	0,475
16,9014	0,468
16,9513	0,456
17,0013	0,440
17,0512	0,424
17,1012	0,407
17,1511	0,389
17,2011	0,368
17,2510	0,346
17,3009	0,321
17,3509	0,298
17,4008	0,275
17,4507	0,253
17,5007	0,231
17,5506	0,211
17,6006	0,192
17,6505	0,176
17,7005	0,162
17,7504	0,150
17,8004	0,142
17,8504	0,136
17,9004	0,134
17,9504	0,135
18,0004	0,139
18,0504	0,146
18,1005	0,157
18,1505	0,170
18,2005	0,186
18,2506	0,204
18,3007	0,225
18,3507	0,246
18,4008	0,270
18,4509	0,294
18,5009	0,318
18,5510	0,344
18,6011	0,369
18,6511	0,391
18,7012	0,412
18,7513	0,432
18,8013	0,449
18,8514	0,470
18,9014	0,498
18,9515	0,506
19,0015	0,502
19,0514	0,498
19,1014	0,497
19,1514	0,496
19,2015	0,506
19,2514	0,477
19,3013	0,460
19,3513	0,441
19,4012	0,422
19,4512	0,402
19,5011	0,380
19,5510	0,357
19,6010	0,330
19,6509	0,305
19,7008	0,281
19,7507	0,257
19,8007	0,234
19,8506	0,212
19,9006	0,192
19,9505	0,174
20,0005	0,159
20,0504	0,147
20,1004	0,137
20,1504	0,131
20,2004	0,128
20,2504	0,129
20,3004	0,132
20,3504	0,139
20,4004	0,149
20,4505	0,163
20,5005	0,179
20,5506	0,197
20,6006	0,217
20,6507	0,239
20,7008	0,262
20,7508	0,286
20,8009	0,309
20,8510	0,334
20,9010	0,360
20,9511	0,383
21,0012	0,403
21,0512	0,423
21,1013	0,440
21,1513	0,458
21,2014	0,489
21,2514	0,498
21,3015	0,505
21,3515	0,504
21,4014	0,491
21,4514	0,491
21,5014	0,495
21,5514	0,469
21,6013	0,455
21,6513	0,439
21,7012	0,422
21,7512	0,403
21,8011	0,383
21,8511	0,361
21,9010	0,337
21,9509	0,313
22,0008	0,291
22,0508	0,268
22,1007	0,247
22,1507	0,227
22,2006	0,209
22,2506	0,192
22,3005	0,178
22,3505	0,167
22,4005	0,158
22,4504	0,152
22,5004	0,149
22,5504	0,149
22,6004	0,152
22,6505	0,157
22,7005	0,166
22,7505	0,177
22,8006	0,191
22,8506	0,206
22,9006	0,223
22,9507	0,242
23,0008	0,262
23,0508	0,282
23,1009	0,303
23,1509	0,323
23,2010	0,344
23,2511	0,365
23,3011	0,383
23,3512	0,399
23,4012	0,414
23,4512	0,427
23,5013	0,437
23,5513	0,445
23,6013	0,452
23,6513	0,456
23,7013	0,456
23,7513	0,452
23,8013	0,446
23,8513	0,439
23,9012	0,429
23,9512	0,417
24,0012	0,404
24,0511	0,389
24,1011	0,374
24,1510	0,356
24,2010	0,336
24,2509	0,318
24,3009	0,301
24,3508	0,283
24,4008	0,267
24,4507	0,252
24,5007	0,238
24,5507	0,225
24,6006	0,214
24,6506	0,206
24,7006	0,199
24,7506	0,195
24,8006	0,192
24,8506	0,192
24,9006	0,194
24,9506	0,198
25,0006	0,205
25,0506	0,212
25,1006	0,222
25,1507	0,233
25,2007	0,245
25,2508	0,258
25,3008	0,272
25,3508	0,286
25,4009	0,300
25,4509	0,315
25,5010	0,328
25,5510	0,342
25,6010	0,356
25,6511	0,367
25,7011	0,377
25,7511	0,385
25,8011	0,391
25,8512	0,396
25,9012	0,400
25,9512	0,401
26,0012	0,401
26,0512	0,399
26,1012	0,396
26,1511	0,391
26,2011	0,385
26,2511	0,378
26,3011	0,369
26,3510	0,360
26,4010	0,349
26,4510	0,338
26,5010	0,327
26,5509	0,317
26,6009	0,307
26,6509	0,298
26,7008	0,289
26,7508	0,280
26,8008	0,273
26,8508	0,267
26,9008	0,261
26,9507	0,257
27,0007	0,254
27,0507	0,252
27,1007	0,251
27,1507	0,252
27,2007	0,254
27,2507	0,256
27,3008	0,260
27,3508	0,264
27,4008	0,269
27,4508	0,274
27,5008	0,280
27,5508	0,286
27,6009	0,293
27,6509	0,299
27,7009	0,305
27,7509	0,310
27,8009	0,316
27,8509	0,320
27,9009	0,325
27,9510	0,328
28,0010	0,331
28,0510	0,333
28,1010	0,335
28,1510	0,335
28,2010	0,336
28,2510	0,335
28,3010	0,334
28,3510	0,332
28,4010	0,330
28,4510	0,328
28,5009	0,325
28,5509	0,323
28,6009	0,320
28,6509	0,318
28,7009	0,315
28,7509	0,313
28,8009	0,311
28,8509	0,310
28,9009	0,309
28,9509	0,308
29,0009	0,308
29,0509	0,308
29,1009	0,308
29,1509	0,309
29,2009	0,311
29,2509	0,312
29,3009	0,314
29,3509	0,316
29,4009	0,318
29,4509	0,320
29,5009	0,321
29,5509	0,322
29,6009	0,324
29,6509	0,325
29,7009	0,325
29,7509	0,325
29,8009	0,324
29,8509	0,323
29,9009	0,321
29,9509	0,318
30,0009	0,315
30,0509	0,312
30,1009	0,308
30,1509	0,304
30,2009	0,299
30,2509	0,295
30,3008	0,290
30,3508	0,285
30,4008	0,281
30,4508	0,276
30,5008	0,272
30,5508	0,269
30,6008	0,267
30,6508	0,265
30,7008	0,264
30,7508	0,263
30,8008	0,264
30,8508	0,266
30,9008	0,268
30,9508	0,272
31,0008	0,277
31,0508	0,283
31,1008	0,289
31,1509	0,296
31,2009	0,304
31,2509	0,312
31,3009	0,321
31,3510	0,330
31,4010	0,339
31,4510	0,347
31,5010	0,358
31,5511	0,365
31,6011	0,372
31,6511	0,378
31,7011	0,383
31,7511	0,387
31,8011	0,389
31,8511	0,390
31,9011	0,389
31,9511	0,387
32,0011	0,384
32,0511	0,378
32,1011	0,372
32,1511	0,364
32,2010	0,355
32,2510	0,345
32,3010	0,331
32,3509	0,319
32,4009	0,307
32,4509	0,294
32,5008	0,282
32,5508	0,269
32,6007	0,257
32,6507	0,246
32,7007	0,235
32,7507	0,226
32,8006	0,218
32,8506	0,212
32,9006	0,207
32,9506	0,204
33,0006	0,203
33,0506	0,204
33,1006	0,207
33,1506	0,213
33,2006	0,220
33,2507	0,228
33,3007	0,239
33,3507	0,251
33,4008	0,265
33,4508	0,279
33,5009	0,295
33,5509	0,311
33,6010	0,327
33,6510	0,343
33,7011	0,362
33,7511	0,377
33,8011	0,391
33,8512	0,404
33,9012	0,415
33,9512	0,425
34,0013	0,433
34,0513	0,439
34,1013	0,442
34,1513	0,443
34,2013	0,442
34,2513	0,438
34,3013	0,431
34,3512	0,423
34,4012	0,412
34,4512	0,399
34,5011	0,385
34,5511	0,369
34,6010	0,351
34,6510	0,331
34,7009	0,311
34,7508	0,292
34,8008	0,273
34,8507	0,254
34,9007	0,236
34,9506	0,219
35,0006	0,204
35,0506	0,191
35,1005	0,179
35,1505	0,170
35,2005	0,163
35,2505	0,159
35,3005	0,158
35,3505	0,159
35,4005	0,164
35,4505	0,171
35,5005	0,181
35,5506	0,193
35,6006	0,208
35,6507	0,224
35,7007	0,242
35,7508	0,262
35,8008	0,283
35,8509	0,304
35,9009	0,326
35,9510	0,348
36,0011	0,371
36,0511	0,391
36,1012	0,409
36,1512	0,426
36,2013	0,442
36,2513	0,457
36,3014	0,468
36,3514	0,481
36,4014	0,498
36,4515	0,499
36,5014	0,498
36,5514	0,490
36,6014	0,467
36,6513	0,456
36,7013	0,441
36,7512	0,425
36,8012	0,407
36,8511	0,388
36,9011	0,367
36,9510	0,343
37,0009	0,319
37,0509	0,296
37,1008	0,273
37,1507	0,251
37,2007	0,229
37,2506	0,209
37,3006	0,191
37,3505	0,175
37,4005	0,161
37,4504	0,150
37,5004	0,142
37,5504	0,137
37,6004	0,135
37,6504	0,136
37,7004	0,141
37,7504	0,148
37,8005	0,159
37,8505	0,173
37,9005	0,189
37,9506	0,207
38,0007	0,227
38,0507	0,249
38,1008	0,272
38,1509	0,295
38,2009	0,319
38,2510	0,344
38,3011	0,369
38,3511	0,391
38,4012	0,411
38,4512	0,430
38,5013	0,447
38,5513	0,464
38,6014	0,494
38,6515	0,502
38,7014	0,497
38,7514	0,499
38,8014	0,495
38,8514	0,498
38,9014	0,497
38,9514	0,467
39,0013	0,452
39,0513	0,435
39,1012	0,417
39,1512	0,397
39,2011	0,376
39,2510	0,353
39,3010	0,327
39,3509	0,304
39,4008	0,280
39,4507	0,257
39,5007	0,236
39,5506	0,215
39,6006	0,196
39,6505	0,180
39,7005	0,166
39,7504	0,154
39,8004	0,146
39,8504	0,140
39,9004	0,138
39,9504	0,138
40,0004	0,142
40,0504	0,149
40,1005	0,159
40,1505	0,172
40,2005	0,187
40,2506	0,205
40,3007	0,224
40,3507	0,244
40,4008	0,266
40,4508	0,288
40,5009	0,311
40,5510	0,334
40,6010	0,358
40,6511	0,379
40,7012	0,399
40,7512	0,416
40,8013	0,432
40,8513	0,446
40,9013	0,459
40,9514	0,471
41,0014	0,485
41,0514	0,487
41,1014	0,487
41,1514	0,477
41,2014	0,465
41,2513	0,454
41,3013	0,441
41,3512	0,427
41,4012	0,411
41,4511	0,394
41,5011	0,376
41,5510	0,355
41,6010	0,333
41,6509	0,312
41,7008	0,291
41,7508	0,271
41,8007	0,252
41,8507	0,234
41,9006	0,217
41,9506	0,203
42,0006	0,190
42,0505	0,180
42,1005	0,173
42,1505	0,168
42,2005	0,165
42,2505	0,166
42,3005	0,169
42,3505	0,174
42,4005	0,182
42,4506	0,192
42,5006	0,205
42,5506	0,219
42,6007	0,234
42,6507	0,251
42,7008	0,268
42,7508	0,287
42,8009	0,305
42,8509	0,323
42,9010	0,341
42,9510	0,360
43,0011	0,375
43,0511	0,390
43,1012	0,402
43,1512	0,412
43,2012	0,421
43,2512	0,428
43,3013	0,432
43,3513	0,434
43,4013	0,434
43,4513	0,431
43,5012	0,427
43,5512	0,420
43,6012	0,411
43,6512	0,401
43,7011	0,390
43,7511	0,377
43,8011	0,363
43,8510	0,346
43,9010	0,331
43,9509	0,316
44,0009	0,301
44,0508	0,287
44,1008	0,273
44,1508	0,260
44,2007	0,249
44,2507	0,239
44,3007	0,230
44,3506	0,223
44,4006	0,218
44,4506	0,215
44,5006	0,213
44,5506	0,214
44,6006	0,216
44,6506	0,220
44,7007	0,225
44,7507	0,232
44,8007	0,240
44,8507	0,249
44,9008	0,259
44,9508	0,270
45,0008	0,281
45,0508	0,292
45,1009	0,303
45,1509	0,314
45,2009	0,325
45,2510	0,336
45,3010	0,347
45,3510	0,355
45,4011	0,362
45,4511	0,368
45,5011	0,373
45,5511	0,377
45,6011	0,379
45,6511	0,379
45,7011	0,379
45,7511	0,377
45,8011	0,374
45,8511	0,370
45,9011	0,365
45,9510	0,359
46,0010	0,351
46,0510	0,343
46,1010	0,336
46,1510	0,329
46,2009	0,321
46,2509	0,314
46,3009	0,307
46,3509	0,301
46,4009	0,295
46,4508	0,289
46,5008	0,285
46,5508	0,281
46,6008	0,278
46,6508	0,276
46,7008	0,274
46,7508	0,274
46,8008	0,274
46,8508	0,275
46,9008	0,277
46,9508	0,279
47,0008	0,282
47,0508	0,285
47,1008	0,288
47,1508	0,291
47,2009	0,295
47,2509	0,298
47,3009	0,302
47,3509	0,305
47,4009	0,308
47,4509	0,310
47,5009	0,313
47,5509	0,314
47,6009	0,315
47,6509	0,316
47,7009	0,316
47,7509	0,316
47,8009	0,316
47,8509	0,315
47,9009	0,314
47,9509	0,313
48,0009	0,311
48,0509	0,309
48,1009	0,308
48,1509	0,307
48,2009	0,305
48,2509	0,304
48,3009	0,304
48,3509	0,303
48,4009	0,303
48,4509	0,304
48,5009	0,305
48,5509	0,306
48,6009	0,308
48,6509	0,310
48,7009	0,313
48,7509	0,316
48,8009	0,319
48,8509	0,323
48,9009	0,326
48,9510	0,330
49,0010	0,333
49,0510	0,336
49,1010	0,339
49,1510	0,341
49,2010	0,345
49,2510	0,346
49,3010	0,346
49,3510	0,345
49,4010	0,344
49,4510	0,341
49,5010	0,337
49,5510	0,334
49,6010	0,329
49,6509	0,324
49,7009	0,318
49,7509	0,312
49,8009	0,305
49,8509	0,299
49,9008	0,292
49,9508	0,284
50,0008	0,278
50,0508	0,271
50,1008	0,265
50,1508	0,259
50,2007	0,254
50,2507	0,250
50,3007	0,248
50,3507	0,246
50,4007	0,245
50,4507	0,245
50,5007	0,247
50,5507	0,250
50,6007	0,255
50,6508	0,260
50,7008	0,267
50,7508	0,275
50,8008	0,284
50,8509	0,294
50,9009	0,304
50,9509	0,315
51,0009	0,326
51,0510	0,337
51,1010	0,348
51,1510	0,360
51,2011	0,370
51,2511	0,379
51,3011	0,387
51,3511	0,394
51,4012	0,399
51,4512	0,403
51,5012	0,405
51,5512	0,405
51,6012	0,404
51,6512	0,401
51,7012	0,396
51,7511	0,390
51,8011	0,382
51,8511	0,372
51,9010	0,361
51,9510	0,348
52,0010	0,333
52,0509	0,319
52,1009	0,305
52,1508	0,290
52,2008	0,276
52,2508	0,262
52,3007	0,248
52,3507	0,235
52,4007	0,224
52,4506	0,214
52,5006	0,205
52,5506	0,198
52,6006	0,194
52,6506	0,191
52,7006	0,191
52,7506	0,192
52,8006	0,196
52,8506	0,202
52,9006	0,211
52,9506	0,221
53,0007	0,233
53,0507	0,247
53,1008	0,262
53,1508	0,278
53,2009	0,295
53,2509	0,312
53,3010	0,330
53,3510	0,348
53,4011	0,368
53,4511	0,384
53,5012	0,399
53,5512	0,412
53,6012	0,424
53,6513	0,435
53,7013	0,443
53,7513	0,448
53,8013	0,452
53,8513	0,453
53,9013	0,450
53,9513	0,445
54,0013	0,438
54,0512	0,428
54,1012	0,417
54,1512	0,403
54,2011	0,387
54,2511	0,370
54,3010	0,351
54,3510	0,330
54,4009	0,309
54,4508	0,289
54,5008	0,269
54,5507	0,250
54,6007	0,232
54,6506	0,214
54,7006	0,198
54,7505	0,185
54,8005	0,173
54,8505	0,164
54,9005	0,158
54,9504	0,154
55,0004	0,153
55,0505	0,155
55,1005	0,160
55,1505	0,168
55,2005	0,178
55,2506	0,191
55,3006	0,207
55,3507	0,224
55,4007	0,243
55,4508	0,263
55,5008	0,284
55,5509	0,306
55,6010	0,328
55,6510	0,352
55,7011	0,373
55,7511	0,393
55,8012	0,412
55,8512	0,429
55,9013	0,444
55,9513	0,459
56,0014	0,472
56,0514	0,497
56,1015	0,502
56,1515	0,500
56,2014	0,498
56,2514	0,496
56,3014	0,469
56,3513	0,455
56,4013	0,439
56,4512	0,423
56,5012	0,405
56,5511	0,386
56,6011	0,364
56,6510	0,340
56,7009	0,317
56,7509	0,294
56,8008	0,272
56,8507	0,250
56,9007	0,229
56,9506	0,209
57,0006	0,191
57,0505	0,176
57,1005	0,163
57,1504	0,152
57,2004	0,145
57,2504	0,140
57,3004	0,139
57,3504	0,141
57,4004	0,145
57,4504	0,153
57,5005	0,164
57,5505	0,178
57,6006	0,194
57,6506	0,212
57,7007	0,232
57,7507	0,253
57,8008	0,275
57,8509	0,298
57,9009	0,321
57,9510	0,345
58,0011	0,369
58,0511	0,390
58,1012	0,409
58,1512	0,427
58,2013	0,443
58,2513	0,458
58,3014	0,475
58,3514	0,498
58,4015	0,500
58,4515	0,502
58,5015	0,500
58,5514	0,498
58,6014	0,472
58,6513	0,458
58,7013	0,443
58,7512	0,427
58,8012	0,410
58,8511	0,391
58,9011	0,371
58,9510	0,348
59,0009	0,324
59,0509	0,302
59,1008	0,280
59,1508	0,259
59,2007	0,238
59,2506	0,219
59,3006	0,202
59,3505	0,187
59,4005	0,174
59,4505	0,163
59,5005	0,156
59,5504	0,151
59,6004	0,149
59,6504	0,150
59,7004	0,155
59,7505	0,162
59,8005	0,171
59,8505	0,183
59,9006	0,198
59,9506	0,214
60,0007	0,232
60,0507	0,251
60,1008	0,271
60,1508	0,292
60,2009	0,313
60,2510	0,334
60,3010	0,356
60,3511	0,375
60,4011	0,393
60,4512	0,408
60,5012	0,423
60,5513	0,435
60,6013	0,444
60,6513	0,452
60,7013	0,458
60,7513	0,460
60,8013	0,459
60,8513	0,454
60,9013	0,447
60,9513	0,438
61,0012	0,427
61,0512	0,414
61,1012	0,400
61,1511	0,384
61,2011	0,367
61,2510	0,348
61,3010	0,328
61,3509	0,310
61,4008	0,291
61,4508	0,273
61,5007	0,257
61,5507	0,241
61,6007	0,227
61,6506	0,214
61,7006	0,204
61,7506	0,195
61,8005	0,189
61,8505	0,185
61,9005	0,183
61,9505	0,184
62,0005	0,187
62,0506	0,192
62,1006	0,200
62,1506	0,209
62,2006	0,220
62,2507	0,232
62,3007	0,246
62,3508	0,260
62,4008	0,276
62,4508	0,291
62,5009	0,307
62,5509	0,322
62,6010	0,338
62,6510	0,354
62,7011	0,367
62,7511	0,379
62,8011	0,389
62,8512	0,398
62,9012	0,405
62,9512	0,410
63,0012	0,413
63,0512	0,414
63,1012	0,413
63,1512	0,411
63,2012	0,407
63,2512	0,401
63,3011	0,393
63,3511	0,385
63,4011	0,375
63,4511	0,364
63,5010	0,352
63,5510	0,338
63,6009	0,326
63,6509	0,313
63,7009	0,301
63,7508	0,290
63,8008	0,279
63,8508	0,269
63,9008	0,260
63,9507	0,253
64,0007	0,246
64,0507	0,241
64,1007	0,238
64,1507	0,235
64,2007	0,235
64,2507	0,235
64,3007	0,238
64,3507	0,241
64,4007	0,245
64,4507	0,251
64,5007	0,257
64,5508	0,265
64,6008	0,272
64,6508	0,281
64,7008	0,289
64,7509	0,297
64,8009	0,306
64,8509	0,314
64,9009	0,322
64,9510	0,329
65,0010	0,335
65,0510	0,343
65,1010	0,348
65,1510	0,351
65,2010	0,354
65,2510	0,356
65,3010	0,357
65,3510	0,357
65,4010	0,356
65,4510	0,354
65,5010	0,352
65,5510	0,347
65,6010	0,343
65,6510	0,339
65,7010	0,334
65,7510	0,329
65,8009	0,325
65,8509	0,320
65,9009	0,316
65,9509	0,311
66,0009	0,308
66,0509	0,304
66,1009	0,301
66,1509	0,299
66,2009	0,297
66,2509	0,295
66,3009	0,294
66,3509	0,294
66,4009	0,294
66,4509	0,295
66,5009	0,296
66,5509	0,297
66,6009	0,299
66,6509	0,300
66,7009	0,302
66,7509	0,304
66,8009	0,306
66,8509	0,307
66,9009	0,308
66,9509	0,309
67,0009	0,310
67,0509	0,310
67,1009	0,310
67,1509	0,310
67,2009	0,309
67,2509	0,308
67,3009	0,307
67,3509	0,305
67,4009	0,303
67,4509	0,301
67,5009	0,298
67,5509	0,296
67,6009	0,294
67,6508	0,292
67,7008	0,290
67,7508	0,289
67,8008	0,288
67,8508	0,287
67,9008	0,287
67,9508	0,288
68,0008	0,289
68,0508	0,291
68,1009	0,293
68,1509	0,296
68,2009	0,300
68,2509	0,304
68,3009	0,309
68,3509	0,314
68,4009	0,319
68,4509	0,325
68,5010	0,330
68,5510	0,336
68,6010	0,341
68,6510	0,348
68,7010	0,353
68,7510	0,357
68,8010	0,360
68,8511	0,362
68,9011	0,364
68,9511	0,364
69,0011	0,364
69,0511	0,362
69,1010	0,359
69,1510	0,356
69,2010	0,351
69,2510	0,345
69,3010	0,336
69,3510	0,329
69,4009	0,320
69,4509	0,312
69,5009	0,303
69,5509	0,293
69,6008	0,284
69,6508	0,275
69,7008	0,266
69,7507	0,258
69,8007	0,250
69,8507	0,244
69,9007	0,238
69,9507	0,234
70,0007	0,231
70,0507	0,229
70,1007	0,229
70,1507	0,230
70,2007	0,233
70,2507	0,238
70,3007	0,243
70,3507	0,251
70,4008	0,260
70,4508	0,269
70,5008	0,280
70,5508	0,292
70,6009	0,304
70,6509	0,317
70,7010	0,330
70,7510	0,343
70,8010	0,358
70,8511	0,370
70,9011	0,381
70,9511	0,391
71,0012	0,400
71,0512	0,407
71,1012	0,412
71,1512	0,416
71,2012	0,418
71,2512	0,418
71,3012	0,416
71,3512	0,412
71,4012	0,406
71,4512	0,399
71,5011	0,389
71,5511	0,378
71,6011	0,365
71,6510	0,351
71,7010	0,334
71,7509	0,318
71,8009	0,302
71,8508	0,286
71,9008	0,270
71,9507	0,255
72,0007	0,240
72,0507	0,227
72,1006	0,214
72,1506	0,204
72,2006	0,195
72,2505	0,188
72,3005	0,183
72,3505	0,181
72,4005	0,181
72,4505	0,183
72,5005	0,188
72,5506	0,195
72,6006	0,205
72,6506	0,216
72,7007	0,229
72,7507	0,244
72,8008	0,260
72,8508	0,278
