Position, Messreihe #1
Zeit ( s )	Position ( m )
0,0010	0,352
0,0260	0,358
0,0511	0,364
0,0761	0,371
0,1011	0,377
0,1261	0,382
0,1511	0,387
0,1761	0,392
0,2012	0,397
0,2262	0,401
0,2512	0,405
0,2762	0,408
0,3012	0,411
0,3262	0,414
0,3512	0,416
0,3762	0,418
0,4012	0,420
0,4262	0,421
0,4512	0,421
0,4762	0,421
0,5012	0,421
0,5262	0,420
0,5512	0,419
0,5762	0,418
0,6012	0,416
0,6262	0,414
0,6512	0,412
0,6762	0,409
0,7012	0,406
0,7262	0,403
0,7512	0,399
0,7762	0,396
0,8011	0,392
0,8261	0,388
0,8511	0,384
0,8761	0,380
0,9011	0,375
0,9261	0,371
0,9511	0,365
0,9760	0,360
1,0010	0,356
1,0260	0,352
1,0510	0,348
1,0760	0,344
1,1010	0,340
1,1260	0,336
1,1510	0,333
1,1760	0,330
1,2010	0,327
1,2259	0,324
1,2509	0,322
1,2759	0,320
1,3009	0,318
1,3259	0,316
1,3509	0,315
1,3759	0,313
1,4009	0,313
1,4259	0,312
1,4509	0,311
1,4759	0,311
1,5009	0,311
1,5259	0,312
1,5509	0,312
1,5759	0,313
1,6009	0,314
1,6259	0,315
1,6509	0,316
1,6759	0,318
1,7009	0,319
1,7259	0,321
1,7509	0,323
1,7759	0,325
1,8009	0,326
1,8260	0,328
1,8510	0,330
1,8760	0,332
1,9010	0,334
1,9260	0,336
1,9510	0,337
1,9760	0,339
2,0010	0,341
2,0260	0,344
2,0510	0,346
2,0760	0,347
2,1010	0,348
2,1260	0,348
2,1510	0,349
2,1760	0,350
2,2010	0,350
2,2260	0,351
2,2510	0,351
2,2760	0,351
2,3010	0,350
2,3260	0,350
2,3510	0,349
2,3760	0,348
2,4010	0,347
2,4260	0,346
2,4510	0,345
2,4760	0,344
2,5010	0,341
2,5260	0,339
2,5510	0,338
2,5760	0,336
2,6010	0,335
2,6260	0,334
2,6510	0,332
2,6760	0,331
2,7010	0,329
2,7260	0,328
2,7510	0,327
2,7759	0,326
2,8009	0,325
2,8259	0,324
2,8509	0,324
2,8759	0,323
2,9009	0,323
2,9259	0,323
2,9509	0,323
2,9759	0,324
3,0009	0,324
3,0259	0,325
3,0509	0,326
3,0760	0,327
3,1010	0,329
3,1260	0,331
3,1510	0,333
3,1760	0,335
3,2010	0,337
3,2260	0,340
3,2510	0,342
3,2760	0,345
3,3010	0,348
3,3260	0,352
3,3510	0,355
3,3760	0,358
3,4011	0,362
3,4261	0,366
3,4511	0,371
3,4761	0,374
3,5011	0,378
3,5261	0,381
3,5511	0,385
3,5761	0,388
3,6011	0,391
3,6261	0,394
3,6512	0,397
3,6762	0,399
3,7012	0,401
3,7262	0,403
3,7512	0,405
3,7762	0,407
3,8012	0,408
3,8262	0,409
3,8512	0,409
3,8762	0,410
3,9012	0,409
3,9262	0,409
3,9512	0,408
3,9762	0,407
4,0012	0,405
4,0262	0,403
4,0512	0,401
4,0762	0,399
4,1011	0,396
4,1261	0,392
4,1511	0,388
4,1761	0,384
4,2011	0,380
4,2261	0,375
4,2511	0,370
4,2761	0,365
4,3010	0,360
4,3260	0,354
4,3510	0,348
4,3760	0,340
4,4010	0,334
4,4260	0,328
4,4509	0,322
4,4759	0,316
4,5009	0,310
4,5259	0,304
4,5509	0,298
4,5758	0,292
4,6008	0,287
4,6258	0,282
4,6508	0,277
4,6758	0,272
4,7008	0,268
4,7258	0,264
4,7508	0,260
4,7757	0,257
4,8007	0,254
4,8257	0,252
4,8507	0,250
4,8757	0,249
4,9007	0,248
4,9257	0,248
4,9507	0,248
4,9757	0,249
5,0007	0,250
5,0257	0,252
5,0507	0,254
5,0757	0,257
5,1008	0,260
5,1258	0,264
5,1508	0,268
5,1758	0,273
5,2008	0,279
5,2258	0,284
5,2508	0,290
5,2759	0,297
5,3009	0,304
5,3259	0,311
5,3509	0,318
5,3759	0,326
5,4010	0,333
5,4260	0,341
5,4510	0,349
5,4760	0,358
5,5011	0,368
5,5261	0,376
5,5511	0,385
5,5761	0,392
5,6012	0,399
5,6262	0,407
5,6512	0,414
5,6762	0,421
5,7012	0,427
5,7263	0,433
5,7513	0,439
5,7763	0,445
5,8013	0,450
5,8263	0,454
5,8513	0,458
5,8763	0,463
5,9014	0,466
5,9264	0,469
5,9514	0,471
5,9764	0,471
6,0014	0,472
6,0264	0,471
6,0514	0,470
6,0764	0,467
6,1014	0,465
6,1263	0,462
6,1513	0,458
6,1763	0,452
6,2013	0,447
6,2263	0,442
6,2513	0,436
6,2762	0,429
6,3012	0,422
6,3262	0,415
6,3512	0,407
6,3762	0,400
6,4011	0,391
6,4261	0,383
6,4511	0,374
6,4761	0,365
6,5010	0,355
6,5260	0,345
6,5510	0,335
6,5759	0,326
6,6009	0,317
6,6259	0,308
6,6509	0,299
6,6758	0,291
6,7008	0,283
6,7258	0,275
6,7508	0,267
6,7758	0,260
6,8007	0,253
6,8257	0,247
6,8507	0,241
6,8757	0,236
6,9007	0,231
6,9257	0,227
6,9507	0,224
6,9756	0,221
7,0006	0,219
7,0256	0,217
7,0506	0,216
7,0756	0,216
7,1006	0,217
7,1256	0,218
7,1506	0,220
7,1756	0,223
7,2007	0,226
7,2257	0,230
7,2507	0,234
7,2757	0,239
7,3007	0,245
7,3257	0,251
7,3507	0,257
7,3758	0,265
7,4008	0,272
7,4258	0,280
7,4508	0,288
7,4759	0,296
7,5009	0,305
7,5259	0,314
7,5509	0,323
7,5760	0,332
7,6010	0,342
7,6260	0,351
7,6511	0,362
7,6761	0,372
7,7011	0,380
7,7261	0,389
7,7512	0,397
7,7762	0,405
7,8012	0,413
7,8262	0,420
7,8512	0,427
7,8763	0,434
7,9013	0,440
7,9263	0,445
7,9513	0,450
7,9763	0,456
8,0013	0,461
8,0264	0,464
8,0514	0,467
8,0764	0,469
8,1014	0,470
8,1264	0,471
8,1514	0,471
8,1764	0,470
8,2014	0,469
8,2264	0,467
8,2514	0,464
8,2763	0,460
8,3013	0,455
8,3263	0,451
8,3513	0,446
8,3763	0,441
8,4013	0,435
8,4262	0,429
8,4512	0,423
8,4762	0,416
8,5012	0,408
8,5262	0,402
8,5511	0,394
8,5761	0,387
8,6011	0,379
8,6261	0,370
8,6510	0,360
8,6760	0,352
8,7010	0,344
8,7260	0,336
8,7510	0,328
8,7759	0,320
8,8009	0,313
8,8259	0,306
8,8509	0,299
8,8759	0,292
8,9008	0,286
8,9258	0,280
8,9508	0,275
8,9758	0,270
9,0008	0,265
9,0258	0,261
9,0507	0,258
9,0757	0,255
9,1007	0,252
9,1257	0,250
9,1507	0,249
9,1757	0,248
9,2007	0,248
9,2257	0,248
9,2507	0,248
9,2757	0,249
9,3007	0,251
9,3257	0,253
9,3507	0,256
9,3758	0,259
9,4008	0,262
9,4258	0,266
9,4508	0,270
9,4758	0,275
9,5008	0,280
9,5258	0,285
9,5508	0,290
9,5759	0,296
9,6009	0,302
9,6259	0,308
9,6509	0,313
9,6759	0,320
9,7009	0,326
9,7260	0,332
9,7510	0,338
9,7760	0,344
9,8010	0,352
9,8260	0,358
9,8511	0,363
9,8761	0,369
9,9011	0,374
9,9261	0,378
9,9511	0,383
9,9761	0,387
10,0011	0,391
10,0261	0,394
10,0512	0,398
10,0762	0,400
10,1012	0,403
10,1262	0,405
10,1512	0,407
10,1762	0,408
10,2012	0,409
10,2262	0,410
10,2512	0,410
10,2762	0,410
10,3012	0,409
10,3262	0,408
10,3512	0,407
10,3762	0,406
10,4012	0,404
10,4262	0,402
10,4512	0,400
10,4762	0,398
10,5011	0,395
10,5261	0,393
10,5511	0,390
10,5761	0,386
10,6011	0,383
10,6261	0,380
10,6511	0,376
10,6761	0,372
10,7011	0,367
10,7261	0,363
10,7510	0,359
10,7760	0,356
10,8010	0,353
10,8260	0,350
10,8510	0,346
10,8760	0,343
10,9010	0,340
10,9260	0,338
10,9510	0,335
10,9760	0,333
11,0010	0,331
11,0260	0,329
11,0510	0,327
11,0759	0,326
11,1009	0,325
11,1259	0,324
11,1509	0,323
11,1759	0,322
11,2009	0,322
11,2259	0,322
11,2509	0,322
11,2759	0,322
11,3009	0,323
11,3259	0,324
11,3509	0,324
11,3759	0,325
11,4009	0,326
11,4260	0,327
11,4510	0,329
11,4760	0,330
11,5010	0,332
11,5260	0,333
11,5510	0,335
11,5760	0,336
11,6010	0,337
11,6260	0,339
11,6510	0,340
11,6760	0,342
11,7010	0,343
11,7260	0,344
11,7510	0,347
11,7760	0,348
11,8010	0,348
11,8260	0,349
11,8510	0,350
11,8760	0,350
11,9010	0,350
11,9260	0,350
11,9510	0,350
11,9760	0,349
12,0010	0,349
12,0260	0,348
12,0510	0,346
12,0760	0,344
12,1010	0,343
12,1260	0,342
12,1510	0,340
12,1760	0,339
12,2010	0,337
12,2260	0,336
12,2510	0,334
12,2760	0,332
12,3010	0,330
12,3260	0,329
12,3510	0,327
12,3759	0,325
12,4009	0,323
12,4259	0,322
12,4509	0,320
12,4759	0,319
12,5009	0,318
12,5259	0,316
12,5509	0,315
12,5759	0,315
12,6009	0,314
12,6259	0,314
12,6509	0,313
12,6759	0,313
12,7009	0,314
12,7259	0,314
12,7509	0,315
12,7759	0,316
12,8009	0,317
12,8259	0,319
12,8509	0,320
12,8759	0,322
12,9009	0,325
12,9260	0,327
12,9510	0,330
12,9760	0,332
13,0010	0,336
13,0260	0,339
13,0510	0,343
13,0760	0,346
13,1010	0,350
13,1260	0,354
13,1510	0,358
13,1761	0,362
13,2011	0,366
13,2261	0,372
13,2511	0,377
13,2761	0,381
13,3011	0,385
13,3261	0,389
13,3511	0,393
13,3762	0,396
13,4012	0,399
13,4262	0,402
13,4512	0,405
13,4762	0,407
13,5012	0,410
13,5262	0,412
13,5512	0,414
13,5762	0,416
13,6012	0,417
13,6262	0,418
13,6512	0,418
13,6762	0,418
13,7012	0,418
13,7262	0,417
13,7512	0,416
13,7762	0,414
13,8012	0,412
13,8262	0,409
13,8512	0,407
13,8762	0,403
13,9012	0,400
13,9262	0,396
13,9511	0,392
13,9761	0,387
14,0011	0,382
14,0261	0,377
14,0511	0,372
14,0761	0,365
14,1010	0,359
14,1260	0,353
14,1510	0,345
14,1760	0,338
14,2010	0,332
14,2259	0,325
14,2509	0,319
14,2759	0,312
14,3009	0,306
14,3259	0,299
14,3509	0,293
14,3758	0,287
14,4008	0,282
14,4258	0,276
14,4508	0,271
14,4758	0,266
14,5008	0,262
14,5257	0,258
14,5507	0,254
14,5757	0,251
14,6007	0,248
14,6257	0,246
14,6507	0,244
14,6757	0,243
14,7007	0,242
14,7257	0,242
14,7507	0,243
14,7757	0,244
14,8007	0,245
14,8257	0,247
14,8507	0,250
14,8757	0,253
14,9007	0,257
14,9258	0,261
14,9508	0,266
14,9758	0,271
15,0008	0,276
15,0258	0,282
15,0508	0,289
15,0759	0,296
15,1009	0,303
15,1259	0,310
15,1509	0,318
15,1759	0,326
15,2010	0,334
15,2260	0,342
15,2510	0,351
15,2760	0,359
15,3011	0,370
15,3261	0,378
15,3511	0,386
15,3761	0,394
15,4012	0,401
15,4262	0,408
15,4512	0,416
15,4762	0,423
15,5012	0,430
15,5263	0,436
15,5513	0,442
15,5763	0,447
15,6013	0,452
15,6263	0,457
15,6513	0,462
15,6764	0,466
15,7014	0,468
15,7264	0,471
15,7514	0,472
15,7764	0,474
15,8014	0,475
15,8264	0,472
15,8514	0,471
15,8764	0,468
15,9014	0,466
15,9263	0,462
15,9513	0,458
15,9763	0,452
16,0013	0,447
16,0263	0,441
16,0513	0,435
16,0762	0,428
16,1012	0,421
16,1262	0,414
16,1512	0,406
16,1762	0,399
16,2011	0,390
16,2261	0,382
16,2511	0,373
16,2761	0,364
16,3010	0,353
16,3260	0,343
16,3510	0,334
16,3759	0,325
16,4009	0,316
16,4259	0,307
16,4509	0,299
16,4758	0,291
16,5008	0,282
16,5258	0,275
16,5508	0,267
16,5758	0,260
16,6007	0,254
16,6257	0,248
16,6507	0,242
16,6757	0,237
16,7007	0,233
16,7257	0,229
16,7507	0,226
16,7756	0,223
16,8006	0,221
16,8256	0,220
16,8506	0,219
16,8756	0,219
16,9006	0,220
16,9256	0,221
16,9506	0,223
16,9757	0,226
17,0007	0,229
17,0257	0,233
17,0507	0,238
17,0757	0,243
17,1007	0,248
17,1257	0,255
17,1508	0,261
17,1758	0,268
17,2008	0,275
17,2258	0,283
17,2508	0,291
17,2759	0,299
17,3009	0,308
17,3259	0,316
17,3509	0,325
17,3760	0,334
17,4010	0,343
17,4260	0,353
17,4511	0,363
17,4761	0,372
17,5011	0,380
17,5261	0,388
17,5512	0,396
17,5762	0,403
17,6012	0,410
17,6262	0,417
17,6512	0,424
17,6763	0,430
17,7013	0,436
17,7263	0,441
17,7513	0,446
17,7763	0,450
17,8013	0,454
17,8263	0,458
17,8513	0,460
17,8763	0,462
17,9013	0,463
17,9263	0,464
17,9513	0,464
17,9763	0,463
18,0013	0,461
18,0263	0,458
18,0513	0,455
18,0763	0,452
18,1013	0,448
18,1263	0,444
18,1513	0,439
18,1763	0,434
18,2012	0,429
18,2262	0,423
18,2512	0,417
18,2762	0,410
18,3012	0,404
18,3262	0,397
18,3511	0,390
18,3761	0,383
18,4011	0,375
18,4261	0,368
18,4510	0,358
18,4760	0,351
18,5010	0,343
18,5260	0,336
18,5510	0,329
18,5759	0,322
18,6009	0,315
18,6259	0,308
18,6509	0,302
18,6759	0,296
18,7008	0,291
18,7258	0,285
18,7508	0,281
18,7758	0,276
18,8008	0,272
18,8258	0,269
18,8508	0,266
18,8758	0,263
18,9008	0,261
18,9258	0,259
18,9507	0,258
18,9757	0,257
19,0007	0,257
19,0257	0,257
19,0508	0,258
19,0758	0,260
19,1008	0,261
19,1258	0,263
19,1508	0,266
19,1758	0,269
19,2008	0,272
19,2258	0,276
19,2508	0,280
19,2758	0,284
19,3008	0,288
19,3259	0,293
19,3509	0,298
19,3759	0,303
19,4009	0,308
19,4259	0,313
19,4509	0,318
19,4759	0,324
19,5010	0,329
19,5260	0,334
19,5510	0,340
19,5760	0,347
19,6010	0,352
19,6260	0,357
19,6511	0,362
19,6761	0,366
19,7011	0,370
19,7261	0,374
19,7511	0,378
19,7761	0,382
19,8011	0,385
19,8261	0,388
19,8511	0,390
19,8761	0,392
19,9011	0,394
19,9261	0,396
19,9512	0,397
19,9762	0,398
20,0012	0,399
20,0262	0,399
20,0512	0,399
20,0762	0,398
20,1012	0,398
20,1262	0,397
20,1512	0,396
20,1761	0,395
20,2011	0,393
20,2261	0,391
20,2511	0,389
20,2761	0,387
20,3011	0,385
20,3261	0,382
20,3511	0,380
20,3761	0,377
20,4011	0,374
20,4261	0,371
20,4511	0,367
20,4761	0,363
20,5010	0,361
20,5260	0,358
20,5510	0,355
20,5760	0,352
20,6010	0,350
20,6260	0,347
20,6510	0,345
20,6760	0,343
20,7010	0,341
20,7260	0,339
20,7510	0,338
20,7760	0,336
20,8010	0,335
20,8260	0,334
20,8510	0,333
20,8760	0,332
20,9010	0,332
20,9260	0,332
20,9510	0,332
20,9760	0,332
21,0010	0,332
21,0260	0,332
21,0510	0,333
21,0760	0,334
21,1010	0,335
21,1260	0,336
21,1510	0,337
21,1760	0,338
21,2010	0,339
21,2260	0,340
21,2510	0,341
21,2760	0,342
21,3010	0,344
21,3260	0,345
21,3510	0,346
21,3760	0,349
21,4010	0,350
21,4260	0,351
21,4510	0,352
21,4760	0,353
21,5010	0,353
21,5260	0,354
21,5510	0,354
21,5760	0,354
21,6010	0,354
21,6260	0,354
21,6510	0,353
21,6760	0,353
21,7010	0,352
21,7260	0,351
21,7510	0,350
21,7760	0,349
21,8010	0,347
21,8260	0,344
21,8510	0,342
21,8760	0,340
21,9010	0,338
21,9260	0,336
21,9510	0,334
21,9760	0,332
22,0010	0,330
22,0260	0,327
22,0509	0,325
22,0759	0,323
22,1009	0,321
22,1259	0,319
22,1509	0,316
22,1759	0,315
22,2009	0,313
22,2259	0,311
22,2509	0,309
22,2759	0,308
22,3009	0,307
22,3259	0,306
22,3509	0,305
22,3759	0,304
22,4009	0,304
22,4259	0,304
22,4509	0,304
22,4759	0,304
22,5009	0,305
22,5259	0,306
22,5509	0,307
22,5759	0,309
22,6009	0,311
22,6259	0,313
22,6509	0,315
22,6759	0,318
22,7009	0,321
22,7259	0,324
22,7510	0,327
22,7760	0,331
22,8010	0,335
22,8260	0,339
22,8510	0,343
22,8760	0,348
22,9010	0,352
22,9260	0,357
22,9511	0,362
22,9761	0,368
23,0011	0,373
23,0261	0,378
23,0511	0,383
23,0761	0,387
23,1011	0,391
23,1261	0,396
23,1512	0,400
23,1762	0,403
23,2012	0,407
23,2262	0,410
23,2512	0,413
23,2762	0,416
23,3012	0,419
23,3262	0,421
23,3512	0,423
23,3762	0,424
23,4012	0,425
23,4262	0,426
23,4512	0,426
23,4762	0,426
23,5012	0,425
23,5262	0,424
23,5512	0,422
23,5762	0,420
23,6012	0,418
23,6262	0,415
23,6512	0,411
23,6762	0,407
23,7012	0,404
23,7262	0,399
23,7511	0,395
23,7761	0,389
23,8011	0,384
23,8261	0,378
23,8511	0,372
23,8761	0,366
23,9010	0,359
23,9260	0,352
23,9510	0,344
23,9760	0,337
24,0010	0,330
24,0259	0,323
24,0509	0,316
24,0759	0,309
24,1009	0,302
24,1259	0,296
24,1508	0,289
24,1758	0,283
24,2008	0,277
24,2258	0,272
24,2508	0,266
24,2758	0,262
24,3007	0,257
24,3257	0,253
24,3507	0,249
24,3757	0,246
24,4007	0,243
24,4257	0,241
24,4507	0,240
24,4757	0,239
24,5007	0,238
24,5257	0,238
24,5507	0,239
24,5757	0,240
24,6007	0,242
24,6257	0,244
24,6507	0,247
24,6757	0,250
24,7007	0,254
24,7258	0,259
24,7508	0,264
24,7758	0,269
24,8008	0,275
24,8258	0,282
24,8508	0,288
24,8759	0,295
24,9009	0,303
24,9259	0,310
24,9509	0,318
24,9759	0,327
25,0010	0,335
25,0260	0,343
25,0510	0,352
25,0761	0,363
25,1011	0,372
25,1261	0,380
25,1511	0,388
25,1762	0,396
25,2012	0,403
25,2262	0,411
25,2512	0,418
25,2762	0,425
25,3013	0,432
25,3263	0,438
25,3513	0,443
25,3763	0,449
25,4013	0,453
25,4263	0,458
25,4513	0,463
25,4764	0,466
25,5014	0,469
25,5264	0,471
25,5514	0,472
25,5764	0,474
25,6014	0,473
25,6264	0,471
25,6514	0,470
25,6764	0,467
25,7013	0,464
25,7263	0,460
25,7513	0,455
25,7763	0,450
25,8013	0,445
25,8263	0,439
25,8513	0,433
25,8762	0,427
25,9012	0,420
25,9262	0,412
25,9512	0,405
25,9762	0,397
26,0011	0,389
26,0261	0,380
26,0511	0,371
26,0761	0,362
26,1010	0,351
26,1260	0,342
26,1510	0,333
26,1759	0,324
26,2009	0,315
26,2259	0,307
26,2509	0,299
26,2758	0,291
26,3008	0,283
26,3258	0,275
26,3508	0,268
26,3758	0,261
26,4007	0,255
26,4257	0,249
26,4507	0,244
26,4757	0,239
26,5007	0,235
26,5257	0,232
26,5507	0,229
26,5757	0,226
26,6007	0,225
26,6256	0,224
26,6506	0,223
26,6756	0,223
26,7007	0,224
26,7257	0,226
26,7507	0,228
26,7757	0,231
26,8007	0,234
26,8257	0,238
26,8507	0,243
26,8757	0,248
26,9007	0,253
26,9258	0,259
26,9508	0,265
26,9758	0,272
27,0008	0,279
27,0258	0,287
27,0509	0,294
27,0759	0,302
27,1009	0,310
27,1259	0,319
27,1510	0,327
27,1760	0,336
27,2010	0,344
27,2260	0,354
27,2511	0,363
27,2761	0,372
27,3011	0,379
27,3261	0,387
27,3511	0,394
27,3762	0,401
27,4012	0,407
27,4262	0,414
27,4512	0,420
27,4762	0,426
27,5013	0,431
27,5263	0,436
27,5513	0,440
27,5763	0,444
27,6013	0,447
27,6263	0,449
27,6513	0,451
27,6763	0,453
27,7013	0,454
27,7263	0,454
27,7513	0,453
27,7763	0,452
27,8013	0,451
27,8263	0,449
27,8513	0,446
27,8763	0,443
27,9013	0,440
27,9263	0,436
27,9513	0,432
27,9762	0,427
28,0012	0,421
28,0262	0,416
28,0512	0,410
28,0762	0,404
28,1012	0,399
28,1261	0,392
28,1511	0,386
28,1761	0,379
28,2011	0,372
28,2261	0,364
28,2510	0,356
28,2760	0,349
28,3010	0,342
28,3260	0,336
28,3510	0,329
28,3759	0,323
28,4009	0,317
28,4259	0,311
28,4509	0,305
28,4759	0,300
28,5009	0,295
28,5258	0,291
28,5508	0,287
28,5758	0,283
28,6008	0,279
28,6258	0,276
28,6508	0,274
28,6758	0,272
28,7008	0,270
28,7258	0,269
28,7508	0,268
28,7758	0,267
28,8008	0,267
28,8258	0,268
28,8508	0,269
28,8758	0,270
28,9008	0,272
28,9258	0,274
28,9508	0,276
28,9758	0,279
29,0008	0,282
29,0258	0,285
29,0508	0,289
29,0759	0,293
29,1009	0,297
29,1259	0,301
29,1509	0,305
29,1759	0,309
29,2009	0,314
29,2259	0,318
29,2509	0,323
29,2760	0,328
29,3010	0,332
29,3260	0,337
29,3510	0,341
29,3760	0,346
29,4010	0,352
29,4260	0,356
29,4510	0,360
29,4761	0,364
29,5011	0,367
29,5261	0,370
29,5511	0,373
29,5761	0,376
29,6011	0,378
29,6261	0,381
29,6511	0,382
29,6761	0,384
29,7011	0,385
29,7261	0,386
29,7511	0,387
29,7761	0,388
29,8011	0,388
29,8261	0,388
29,8511	0,388
29,8761	0,387
29,9011	0,386
29,9261	0,385
29,9511	0,384
29,9761	0,383
30,0011	0,381
30,0261	0,380
30,0511	0,378
30,0761	0,376
30,1011	0,374
30,1261	0,372
30,1511	0,369
30,1761	0,366
30,2011	0,363
30,2260	0,361
30,2510	0,359
30,2760	0,357
30,3010	0,354
30,3260	0,352
30,3510	0,351
30,3760	0,349
30,4010	0,347
30,4260	0,346
30,4510	0,344
30,4760	0,343
30,5010	0,342
30,5260	0,341
30,5510	0,340
30,5760	0,340
30,6010	0,339
30,6260	0,339
30,6510	0,339
30,6760	0,339
30,7010	0,339
30,7260	0,340
30,7510	0,340
30,7760	0,341
30,8010	0,342
30,8260	0,343
30,8510	0,344
30,8760	0,345
30,9010	0,346
30,9260	0,347
30,9510	0,348
30,9760	0,350
31,0010	0,351
31,0260	0,352
31,0510	0,355
31,0760	0,356
31,1010	0,357
31,1260	0,358
31,1510	0,359
31,1760	0,360
31,2010	0,360
31,2260	0,361
31,2510	0,361
31,2760	0,361
31,3010	0,361
31,3260	0,361
31,3510	0,360
31,3760	0,360
31,4010	0,359
31,4260	0,358
31,4510	0,357
31,4760	0,355
31,5010	0,353
31,5260	0,352
31,5510	0,350
31,5760	0,347
31,6010	0,344
31,6260	0,341
31,6510	0,339
31,6760	0,336
31,7010	0,334
31,7260	0,331
31,7510	0,328
31,7759	0,325
31,8009	0,322
31,8259	0,320
31,8509	0,317
31,8759	0,314
31,9009	0,312
31,9259	0,309
31,9509	0,307
31,9759	0,305
32,0009	0,303
32,0259	0,301
32,0509	0,299
32,0759	0,298
32,1009	0,297
32,1259	0,296
32,1509	0,295
32,1759	0,295
32,2009	0,295
32,2259	0,295
32,2509	0,295
32,2759	0,296
32,3009	0,297
32,3259	0,299
32,3509	0,300
32,3759	0,303
32,4009	0,305
32,4259	0,308
32,4509	0,311
32,4759	0,314
32,5009	0,318
32,5259	0,321
32,5509	0,326
32,5760	0,330
32,6010	0,334
32,6260	0,339
32,6510	0,344
32,6760	0,349
32,7010	0,354
32,7260	0,359
32,7511	0,367
32,7761	0,372
32,8011	0,378
32,8261	0,383
32,8511	0,388
32,8761	0,393
32,9012	0,397
32,9262	0,402
32,9512	0,406
32,9762	0,410
33,0012	0,414
33,0262	0,417
33,0512	0,421
33,0762	0,423
33,1012	0,426
33,1262	0,428
33,1512	0,430
33,1763	0,431
33,2013	0,432
33,2263	0,433
33,2513	0,433
33,2763	0,432
33,3013	0,431
33,3262	0,430
33,3512	0,428
33,3762	0,425
33,4012	0,422
33,4262	0,419
33,4512	0,415
33,4762	0,411
33,5012	0,407
33,5262	0,402
33,5512	0,396
33,5761	0,391
33,6011	0,385
33,6261	0,379
33,6511	0,372
33,6761	0,365
33,7010	0,359
33,7260	0,350
33,7510	0,342
33,7760	0,335
33,8010	0,327
33,8259	0,320
33,8509	0,313
33,8759	0,306
33,9009	0,299
33,9259	0,293
33,9508	0,286
33,9758	0,280
34,0008	0,274
34,0258	0,268
34,0508	0,263
34,0757	0,258
34,1007	0,253
34,1257	0,249
34,1507	0,245
34,1757	0,242
34,2007	0,240
34,2257	0,238
34,2507	0,236
34,2757	0,235
34,3007	0,235
34,3257	0,235
34,3507	0,236
34,3757	0,237
34,4007	0,239
34,4257	0,242
34,4507	0,245
34,4757	0,249
34,5007	0,253
34,5257	0,258
34,5508	0,263
34,5758	0,269
34,6008	0,275
34,6258	0,282
34,6508	0,289
34,6759	0,296
34,7009	0,303
34,7259	0,311
34,7509	0,319
34,7760	0,328
34,8010	0,336
34,8260	0,345
34,8510	0,354
34,8761	0,364
34,9011	0,373
34,9261	0,381
34,9511	0,389
34,9762	0,397
35,0012	0,405
35,0262	0,412
35,0512	0,419
35,0762	0,426
35,1013	0,432
35,1263	0,438
35,1513	0,444
35,1763	0,449
35,2013	0,454
35,2263	0,458
35,2513	0,463
35,2764	0,466
35,3014	0,468
35,3264	0,470
35,3514	0,471
35,3764	0,471
35,4014	0,471
35,4264	0,470
35,4514	0,468
35,4764	0,465
35,5013	0,461
35,5263	0,457
35,5513	0,453
35,5763	0,448
35,6013	0,443
35,6263	0,437
35,6513	0,431
35,6762	0,424
35,7012	0,417
35,7262	0,410
35,7512	0,402
35,7761	0,395
35,8011	0,387
35,8261	0,378
35,8511	0,369
35,8760	0,359
35,9010	0,350
35,9260	0,341
35,9510	0,332
35,9759	0,323
36,0009	0,315
36,0259	0,307
36,0509	0,299
36,0758	0,291
36,1008	0,283
36,1258	0,276
36,1508	0,270
36,1758	0,263
36,2007	0,257
36,2257	0,252
36,2507	0,247
36,2757	0,243
36,3007	0,239
36,3257	0,235
36,3507	0,233
36,3757	0,231
36,4007	0,229
36,4257	0,228
36,4507	0,228
36,4757	0,229
36,5007	0,230
36,5257	0,231
36,5507	0,234
36,5757	0,236
36,6007	0,240
36,6257	0,244
36,6507	0,248
36,6757	0,253
36,7008	0,258
36,7258	0,264
36,7508	0,270
36,7758	0,277
36,8008	0,284
36,8258	0,291
36,8509	0,298
36,8759	0,306
36,9009	0,314
36,9259	0,321
36,9510	0,329
36,9760	0,337
37,0010	0,345
37,0260	0,355
37,0511	0,363
37,0761	0,371
37,1011	0,378
37,1261	0,385
37,1511	0,392
37,1762	0,399
37,2012	0,405
37,2262	0,410
37,2512	0,416
37,2762	0,421
37,3012	0,426
37,3262	0,430
37,3513	0,434
